       225
1 56 1393 833 42
2 1393 1394 834 833
3 1394 1395 835 834
4 1395 1396 836 835
5 1396 1397 837 836
6 1397 1398 838 837
7 1398 1399 839 838
8 1399 1400 840 839
9 1400 1401 841 840
10 1401 1402 842 841
11 1402 1403 843 842
12 1403 1404 844 843
13 1404 1405 845 844
14 1405 1406 846 845
15 1406 459 433 846
16 55 1379 1393 56
17 1379 1380 1394 1393
18 1380 1381 1395 1394
19 1381 1382 1396 1395
20 1382 1383 1397 1396
21 1383 1384 1398 1397
22 1384 1385 1399 1398
23 1385 1386 1400 1399
24 1386 1387 1401 1400
25 1387 1388 1402 1401
26 1388 1389 1403 1402
27 1389 1390 1404 1403
28 1390 1391 1405 1404
29 1391 1392 1406 1405
30 1392 460 459 1406
31 54 1365 1379 55
32 1365 1366 1380 1379
33 1366 1367 1381 1380
34 1367 1368 1382 1381
35 1368 1369 1383 1382
36 1369 1370 1384 1383
37 1370 1371 1385 1384
38 1371 1372 1386 1385
39 1372 1373 1387 1386
40 1373 1374 1388 1387
41 1374 1375 1389 1388
42 1375 1376 1390 1389
43 1376 1377 1391 1390
44 1377 1378 1392 1391
45 1378 461 460 1392
46 53 1351 1365 54
47 1351 1352 1366 1365
48 1352 1353 1367 1366
49 1353 1354 1368 1367
50 1354 1355 1369 1368
51 1355 1356 1370 1369
52 1356 1357 1371 1370
53 1357 1358 1372 1371
54 1358 1359 1373 1372
55 1359 1360 1374 1373
56 1360 1361 1375 1374
57 1361 1362 1376 1375
58 1362 1363 1377 1376
59 1363 1364 1378 1377
60 1364 462 461 1378
61 52 1337 1351 53
62 1337 1338 1352 1351
63 1338 1339 1353 1352
64 1339 1340 1354 1353
65 1340 1341 1355 1354
66 1341 1342 1356 1355
67 1342 1343 1357 1356
68 1343 1344 1358 1357
69 1344 1345 1359 1358
70 1345 1346 1360 1359
71 1346 1347 1361 1360
72 1347 1348 1362 1361
73 1348 1349 1363 1362
74 1349 1350 1364 1363
75 1350 463 462 1364
76 51 1323 1337 52
77 1323 1324 1338 1337
78 1324 1325 1339 1338
79 1325 1326 1340 1339
80 1326 1327 1341 1340
81 1327 1328 1342 1341
82 1328 1329 1343 1342
83 1329 1330 1344 1343
84 1330 1331 1345 1344
85 1331 1332 1346 1345
86 1332 1333 1347 1346
87 1333 1334 1348 1347
88 1334 1335 1349 1348
89 1335 1336 1350 1349
90 1336 464 463 1350
91 50 1309 1323 51
92 1309 1310 1324 1323
93 1310 1311 1325 1324
94 1311 1312 1326 1325
95 1312 1313 1327 1326
96 1313 1314 1328 1327
97 1314 1315 1329 1328
98 1315 1316 1330 1329
99 1316 1317 1331 1330
100 1317 1318 1332 1331
101 1318 1319 1333 1332
102 1319 1320 1334 1333
103 1320 1321 1335 1334
104 1321 1322 1336 1335
105 1322 465 464 1336
106 49 1295 1309 50
107 1295 1296 1310 1309
108 1296 1297 1311 1310
109 1297 1298 1312 1311
110 1298 1299 1313 1312
111 1299 1300 1314 1313
112 1300 1301 1315 1314
113 1301 1302 1316 1315
114 1302 1303 1317 1316
115 1303 1304 1318 1317
116 1304 1305 1319 1318
117 1305 1306 1320 1319
118 1306 1307 1321 1320
119 1307 1308 1322 1321
120 1308 466 465 1322
121 48 1281 1295 49
122 1281 1282 1296 1295
123 1282 1283 1297 1296
124 1283 1284 1298 1297
125 1284 1285 1299 1298
126 1285 1286 1300 1299
127 1286 1287 1301 1300
128 1287 1288 1302 1301
129 1288 1289 1303 1302
130 1289 1290 1304 1303
131 1290 1291 1305 1304
132 1291 1292 1306 1305
133 1292 1293 1307 1306
134 1293 1294 1308 1307
135 1294 467 466 1308
136 47 1267 1281 48
137 1267 1268 1282 1281
138 1268 1269 1283 1282
139 1269 1270 1284 1283
140 1270 1271 1285 1284
141 1271 1272 1286 1285
142 1272 1273 1287 1286
143 1273 1274 1288 1287
144 1274 1275 1289 1288
145 1275 1276 1290 1289
146 1276 1277 1291 1290
147 1277 1278 1292 1291
148 1278 1279 1293 1292
149 1279 1280 1294 1293
150 1280 468 467 1294
151 46 1253 1267 47
152 1253 1254 1268 1267
153 1254 1255 1269 1268
154 1255 1256 1270 1269
155 1256 1257 1271 1270
156 1257 1258 1272 1271
157 1258 1259 1273 1272
158 1259 1260 1274 1273
159 1260 1261 1275 1274
160 1261 1262 1276 1275
161 1262 1263 1277 1276
162 1263 1264 1278 1277
163 1264 1265 1279 1278
164 1265 1266 1280 1279
165 1266 469 468 1280
166 45 1239 1253 46
167 1239 1240 1254 1253
168 1240 1241 1255 1254
169 1241 1242 1256 1255
170 1242 1243 1257 1256
171 1243 1244 1258 1257
172 1244 1245 1259 1258
173 1245 1246 1260 1259
174 1246 1247 1261 1260
175 1247 1248 1262 1261
176 1248 1249 1263 1262
177 1249 1250 1264 1263
178 1250 1251 1265 1264
179 1251 1252 1266 1265
180 1252 470 469 1266
181 44 1225 1239 45
182 1225 1226 1240 1239
183 1226 1227 1241 1240
184 1227 1228 1242 1241
185 1228 1229 1243 1242
186 1229 1230 1244 1243
187 1230 1231 1245 1244
188 1231 1232 1246 1245
189 1232 1233 1247 1246
190 1233 1234 1248 1247
191 1234 1235 1249 1248
192 1235 1236 1250 1249
193 1236 1237 1251 1250
194 1237 1238 1252 1251
195 1238 471 470 1252
196 43 1211 1225 44
197 1211 1212 1226 1225
198 1212 1213 1227 1226
199 1213 1214 1228 1227
200 1214 1215 1229 1228
201 1215 1216 1230 1229
202 1216 1217 1231 1230
203 1217 1218 1232 1231
204 1218 1219 1233 1232
205 1219 1220 1234 1233
206 1220 1221 1235 1234
207 1221 1222 1236 1235
208 1222 1223 1237 1236
209 1223 1224 1238 1237
210 1224 472 471 1238
211 17 1197 1211 43
212 1197 1198 1212 1211
213 1198 1199 1213 1212
214 1199 1200 1214 1213
215 1200 1201 1215 1214
216 1201 1202 1216 1215
217 1202 1203 1217 1216
218 1203 1204 1218 1217
219 1204 1205 1219 1218
220 1205 1206 1220 1219
221 1206 1207 1221 1220
222 1207 1208 1222 1221
223 1208 1209 1223 1222
224 1209 1210 1224 1223
225 1210 458 472 1224
