       375
211 41 1743 1197 17
212 1743 1744 1198 1197
213 1744 1745 1199 1198
214 1745 1746 1200 1199
215 1746 1747 1201 1200
216 1747 1748 1202 1201
217 1748 1749 1203 1202
218 1749 1750 1204 1203
219 1750 1751 1205 1204
220 1751 1752 1206 1205
221 1752 1753 1207 1206
222 1753 1754 1208 1207
223 1754 1755 1209 1208
224 1755 1756 1210 1209
225 1756 473 458 1210
436 40 1729 1743 41
437 1729 1730 1744 1743
438 1730 1731 1745 1744
439 1731 1732 1746 1745
440 1732 1733 1747 1746
441 1733 1734 1748 1747
442 1734 1735 1749 1748
443 1735 1736 1750 1749
444 1736 1737 1751 1750
445 1737 1738 1752 1751
446 1738 1739 1753 1752
447 1739 1740 1754 1753
448 1740 1741 1755 1754
449 1741 1742 1756 1755
450 1742 474 473 1756
661 39 1715 1729 40
662 1715 1716 1730 1729
663 1716 1717 1731 1730
664 1717 1718 1732 1731
665 1718 1719 1733 1732
666 1719 1720 1734 1733
667 1720 1721 1735 1734
668 1721 1722 1736 1735
669 1722 1723 1737 1736
670 1723 1724 1738 1737
671 1724 1725 1739 1738
672 1725 1726 1740 1739
673 1726 1727 1741 1740
674 1727 1728 1742 1741
675 1728 475 474 1742
886 38 1701 1715 39
887 1701 1702 1716 1715
888 1702 1703 1717 1716
889 1703 1704 1718 1717
890 1704 1705 1719 1718
891 1705 1706 1720 1719
892 1706 1707 1721 1720
893 1707 1708 1722 1721
894 1708 1709 1723 1722
895 1709 1710 1724 1723
896 1710 1711 1725 1724
897 1711 1712 1726 1725
898 1712 1713 1727 1726
899 1713 1714 1728 1727
900 1714 476 475 1728
1111 37 1687 1701 38
1112 1687 1688 1702 1701
1113 1688 1689 1703 1702
1114 1689 1690 1704 1703
1115 1690 1691 1705 1704
1116 1691 1692 1706 1705
1117 1692 1693 1707 1706
1118 1693 1694 1708 1707
1119 1694 1695 1709 1708
1120 1695 1696 1710 1709
1121 1696 1697 1711 1710
1122 1697 1698 1712 1711
1123 1698 1699 1713 1712
1124 1699 1700 1714 1713
1125 1700 477 476 1714
1336 36 1673 1687 37
1337 1673 1674 1688 1687
1338 1674 1675 1689 1688
1339 1675 1676 1690 1689
1340 1676 1677 1691 1690
1341 1677 1678 1692 1691
1342 1678 1679 1693 1692
1343 1679 1680 1694 1693
1344 1680 1681 1695 1694
1345 1681 1682 1696 1695
1346 1682 1683 1697 1696
1347 1683 1684 1698 1697
1348 1684 1685 1699 1698
1349 1685 1686 1700 1699
1350 1686 478 477 1700
1561 35 1659 1673 36
1562 1659 1660 1674 1673
1563 1660 1661 1675 1674
1564 1661 1662 1676 1675
1565 1662 1663 1677 1676
1566 1663 1664 1678 1677
1567 1664 1665 1679 1678
1568 1665 1666 1680 1679
1569 1666 1667 1681 1680
1570 1667 1668 1682 1681
1571 1668 1669 1683 1682
1572 1669 1670 1684 1683
1573 1670 1671 1685 1684
1574 1671 1672 1686 1685
1575 1672 479 478 1686
1786 34 1645 1659 35
1787 1645 1646 1660 1659
1788 1646 1647 1661 1660
1789 1647 1648 1662 1661
1790 1648 1649 1663 1662
1791 1649 1650 1664 1663
1792 1650 1651 1665 1664
1793 1651 1652 1666 1665
1794 1652 1653 1667 1666
1795 1653 1654 1668 1667
1796 1654 1655 1669 1668
1797 1655 1656 1670 1669
1798 1656 1657 1671 1670
1799 1657 1658 1672 1671
1800 1658 480 479 1672
2011 33 1631 1645 34
2012 1631 1632 1646 1645
2013 1632 1633 1647 1646
2014 1633 1634 1648 1647
2015 1634 1635 1649 1648
2016 1635 1636 1650 1649
2017 1636 1637 1651 1650
2018 1637 1638 1652 1651
2019 1638 1639 1653 1652
2020 1639 1640 1654 1653
2021 1640 1641 1655 1654
2022 1641 1642 1656 1655
2023 1642 1643 1657 1656
2024 1643 1644 1658 1657
2025 1644 481 480 1658
2236 32 1617 1631 33
2237 1617 1618 1632 1631
2238 1618 1619 1633 1632
2239 1619 1620 1634 1633
2240 1620 1621 1635 1634
2241 1621 1622 1636 1635
2242 1622 1623 1637 1636
2243 1623 1624 1638 1637
2244 1624 1625 1639 1638
2245 1625 1626 1640 1639
2246 1626 1627 1641 1640
2247 1627 1628 1642 1641
2248 1628 1629 1643 1642
2249 1629 1630 1644 1643
2250 1630 482 481 1644
2461 31 1603 1617 32
2462 1603 1604 1618 1617
2463 1604 1605 1619 1618
2464 1605 1606 1620 1619
2465 1606 1607 1621 1620
2466 1607 1608 1622 1621
2467 1608 1609 1623 1622
2468 1609 1610 1624 1623
2469 1610 1611 1625 1624
2470 1611 1612 1626 1625
2471 1612 1613 1627 1626
2472 1613 1614 1628 1627
2473 1614 1615 1629 1628
2474 1615 1616 1630 1629
2475 1616 483 482 1630
2686 30 1589 1603 31
2687 1589 1590 1604 1603
2688 1590 1591 1605 1604
2689 1591 1592 1606 1605
2690 1592 1593 1607 1606
2691 1593 1594 1608 1607
2692 1594 1595 1609 1608
2693 1595 1596 1610 1609
2694 1596 1597 1611 1610
2695 1597 1598 1612 1611
2696 1598 1599 1613 1612
2697 1599 1600 1614 1613
2698 1600 1601 1615 1614
2699 1601 1602 1616 1615
2700 1602 484 483 1616
2911 29 1575 1589 30
2912 1575 1576 1590 1589
2913 1576 1577 1591 1590
2914 1577 1578 1592 1591
2915 1578 1579 1593 1592
2916 1579 1580 1594 1593
2917 1580 1581 1595 1594
2918 1581 1582 1596 1595
2919 1582 1583 1597 1596
2920 1583 1584 1598 1597
2921 1584 1585 1599 1598
2922 1585 1586 1600 1599
2923 1586 1587 1601 1600
2924 1587 1588 1602 1601
2925 1588 485 484 1602
3136 28 1561 1575 29
3137 1561 1562 1576 1575
3138 1562 1563 1577 1576
3139 1563 1564 1578 1577
3140 1564 1565 1579 1578
3141 1565 1566 1580 1579
3142 1566 1567 1581 1580
3143 1567 1568 1582 1581
3144 1568 1569 1583 1582
3145 1569 1570 1584 1583
3146 1570 1571 1585 1584
3147 1571 1572 1586 1585
3148 1572 1573 1587 1586
3149 1573 1574 1588 1587
3150 1574 486 485 1588
3361 27 1547 1561 28
3362 1547 1548 1562 1561
3363 1548 1549 1563 1562
3364 1549 1550 1564 1563
3365 1550 1551 1565 1564
3366 1551 1552 1566 1565
3367 1552 1553 1567 1566
3368 1553 1554 1568 1567
3369 1554 1555 1569 1568
3370 1555 1556 1570 1569
3371 1556 1557 1571 1570
3372 1557 1558 1572 1571
3373 1558 1559 1573 1572
3374 1559 1560 1574 1573
3375 1560 487 486 1574
3586 26 1533 1547 27
3587 1533 1534 1548 1547
3588 1534 1535 1549 1548
3589 1535 1536 1550 1549
3590 1536 1537 1551 1550
3591 1537 1538 1552 1551
3592 1538 1539 1553 1552
3593 1539 1540 1554 1553
3594 1540 1541 1555 1554
3595 1541 1542 1556 1555
3596 1542 1543 1557 1556
3597 1543 1544 1558 1557
3598 1544 1545 1559 1558
3599 1545 1546 1560 1559
3600 1546 488 487 1560
3811 25 1519 1533 26
3812 1519 1520 1534 1533
3813 1520 1521 1535 1534
3814 1521 1522 1536 1535
3815 1522 1523 1537 1536
3816 1523 1524 1538 1537
3817 1524 1525 1539 1538
3818 1525 1526 1540 1539
3819 1526 1527 1541 1540
3820 1527 1528 1542 1541
3821 1528 1529 1543 1542
3822 1529 1530 1544 1543
3823 1530 1531 1545 1544
3824 1531 1532 1546 1545
3825 1532 489 488 1546
4036 24 1505 1519 25
4037 1505 1506 1520 1519
4038 1506 1507 1521 1520
4039 1507 1508 1522 1521
4040 1508 1509 1523 1522
4041 1509 1510 1524 1523
4042 1510 1511 1525 1524
4043 1511 1512 1526 1525
4044 1512 1513 1527 1526
4045 1513 1514 1528 1527
4046 1514 1515 1529 1528
4047 1515 1516 1530 1529
4048 1516 1517 1531 1530
4049 1517 1518 1532 1531
4050 1518 490 489 1532
4261 23 1491 1505 24
4262 1491 1492 1506 1505
4263 1492 1493 1507 1506
4264 1493 1494 1508 1507
4265 1494 1495 1509 1508
4266 1495 1496 1510 1509
4267 1496 1497 1511 1510
4268 1497 1498 1512 1511
4269 1498 1499 1513 1512
4270 1499 1500 1514 1513
4271 1500 1501 1515 1514
4272 1501 1502 1516 1515
4273 1502 1503 1517 1516
4274 1503 1504 1518 1517
4275 1504 491 490 1518
4486 22 1477 1491 23
4487 1477 1478 1492 1491
4488 1478 1479 1493 1492
4489 1479 1480 1494 1493
4490 1480 1481 1495 1494
4491 1481 1482 1496 1495
4492 1482 1483 1497 1496
4493 1483 1484 1498 1497
4494 1484 1485 1499 1498
4495 1485 1486 1500 1499
4496 1486 1487 1501 1500
4497 1487 1488 1502 1501
4498 1488 1489 1503 1502
4499 1489 1490 1504 1503
4500 1490 492 491 1504
4711 21 1463 1477 22
4712 1463 1464 1478 1477
4713 1464 1465 1479 1478
4714 1465 1466 1480 1479
4715 1466 1467 1481 1480
4716 1467 1468 1482 1481
4717 1468 1469 1483 1482
4718 1469 1470 1484 1483
4719 1470 1471 1485 1484
4720 1471 1472 1486 1485
4721 1472 1473 1487 1486
4722 1473 1474 1488 1487
4723 1474 1475 1489 1488
4724 1475 1476 1490 1489
4725 1476 493 492 1490
4936 20 1449 1463 21
4937 1449 1450 1464 1463
4938 1450 1451 1465 1464
4939 1451 1452 1466 1465
4940 1452 1453 1467 1466
4941 1453 1454 1468 1467
4942 1454 1455 1469 1468
4943 1455 1456 1470 1469
4944 1456 1457 1471 1470
4945 1457 1458 1472 1471
4946 1458 1459 1473 1472
4947 1459 1460 1474 1473
4948 1460 1461 1475 1474
4949 1461 1462 1476 1475
4950 1462 494 493 1476
5161 19 1435 1449 20
5162 1435 1436 1450 1449
5163 1436 1437 1451 1450
5164 1437 1438 1452 1451
5165 1438 1439 1453 1452
5166 1439 1440 1454 1453
5167 1440 1441 1455 1454
5168 1441 1442 1456 1455
5169 1442 1443 1457 1456
5170 1443 1444 1458 1457
5171 1444 1445 1459 1458
5172 1445 1446 1460 1459
5173 1446 1447 1461 1460
5174 1447 1448 1462 1461
5175 1448 495 494 1462
5386 18 1421 1435 19
5387 1421 1422 1436 1435
5388 1422 1423 1437 1436
5389 1423 1424 1438 1437
5390 1424 1425 1439 1438
5391 1425 1426 1440 1439
5392 1426 1427 1441 1440
5393 1427 1428 1442 1441
5394 1428 1429 1443 1442
5395 1429 1430 1444 1443
5396 1430 1431 1445 1444
5397 1431 1432 1446 1445
5398 1432 1433 1447 1446
5399 1433 1434 1448 1447
5400 1434 496 495 1448
5611 2 1407 1421 18
5612 1407 1408 1422 1421
5613 1408 1409 1423 1422
5614 1409 1410 1424 1423
5615 1410 1411 1425 1424
5616 1411 1412 1426 1425
5617 1412 1413 1427 1426
5618 1413 1414 1428 1427
5619 1414 1415 1429 1428
5620 1415 1416 1430 1429
5621 1416 1417 1431 1430
5622 1417 1418 1432 1431
5623 1418 1419 1433 1432
5624 1419 1420 1434 1433
5625 1420 417 496 1434
