       375
15 832 457 433 459
30 831 832 459 460
45 830 831 460 461
60 829 830 461 462
75 828 829 462 463
90 827 828 463 464
105 826 827 464 465
120 825 826 465 466
135 824 825 466 467
150 823 824 467 468
165 822 823 468 469
180 821 822 469 470
195 820 821 470 471
210 819 820 471 472
225 473 819 472 458
240 818 456 457 832
255 817 818 832 831
270 816 817 831 830
285 815 816 830 829
300 814 815 829 828
315 813 814 828 827
330 812 813 827 826
345 811 812 826 825
360 810 811 825 824
375 809 810 824 823
390 808 809 823 822
405 807 808 822 821
420 806 807 821 820
435 805 806 820 819
450 474 805 819 473
465 804 455 456 818
480 803 804 818 817
495 802 803 817 816
510 801 802 816 815
525 800 801 815 814
540 799 800 814 813
555 798 799 813 812
570 797 798 812 811
585 796 797 811 810
600 795 796 810 809
615 794 795 809 808
630 793 794 808 807
645 792 793 807 806
660 791 792 806 805
675 475 791 805 474
690 790 454 455 804
705 789 790 804 803
720 788 789 803 802
735 787 788 802 801
750 786 787 801 800
765 785 786 800 799
780 784 785 799 798
795 783 784 798 797
810 782 783 797 796
825 781 782 796 795
840 780 781 795 794
855 779 780 794 793
870 778 779 793 792
885 777 778 792 791
900 476 777 791 475
915 776 453 454 790
930 775 776 790 789
945 774 775 789 788
960 773 774 788 787
975 772 773 787 786
990 771 772 786 785
1005 770 771 785 784
1020 769 770 784 783
1035 768 769 783 782
1050 767 768 782 781
1065 766 767 781 780
1080 765 766 780 779
1095 764 765 779 778
1110 763 764 778 777
1125 477 763 777 476
1140 762 452 453 776
1155 761 762 776 775
1170 760 761 775 774
1185 759 760 774 773
1200 758 759 773 772
1215 757 758 772 771
1230 756 757 771 770
1245 755 756 770 769
1260 754 755 769 768
1275 753 754 768 767
1290 752 753 767 766
1305 751 752 766 765
1320 750 751 765 764
1335 749 750 764 763
1350 478 749 763 477
1365 748 451 452 762
1380 747 748 762 761
1395 746 747 761 760
1410 745 746 760 759
1425 744 745 759 758
1440 743 744 758 757
1455 742 743 757 756
1470 741 742 756 755
1485 740 741 755 754
1500 739 740 754 753
1515 738 739 753 752
1530 737 738 752 751
1545 736 737 751 750
1560 735 736 750 749
1575 479 735 749 478
1590 734 450 451 748
1605 733 734 748 747
1620 732 733 747 746
1635 731 732 746 745
1650 730 731 745 744
1665 729 730 744 743
1680 728 729 743 742
1695 727 728 742 741
1710 726 727 741 740
1725 725 726 740 739
1740 724 725 739 738
1755 723 724 738 737
1770 722 723 737 736
1785 721 722 736 735
1800 480 721 735 479
1815 720 449 450 734
1830 719 720 734 733
1845 718 719 733 732
1860 717 718 732 731
1875 716 717 731 730
1890 715 716 730 729
1905 714 715 729 728
1920 713 714 728 727
1935 712 713 727 726
1950 711 712 726 725
1965 710 711 725 724
1980 709 710 724 723
1995 708 709 723 722
2010 707 708 722 721
2025 481 707 721 480
2040 706 448 449 720
2055 705 706 720 719
2070 704 705 719 718
2085 703 704 718 717
2100 702 703 717 716
2115 701 702 716 715
2130 700 701 715 714
2145 699 700 714 713
2160 698 699 713 712
2175 697 698 712 711
2190 696 697 711 710
2205 695 696 710 709
2220 694 695 709 708
2235 693 694 708 707
2250 482 693 707 481
2265 692 447 448 706
2280 691 692 706 705
2295 690 691 705 704
2310 689 690 704 703
2325 688 689 703 702
2340 687 688 702 701
2355 686 687 701 700
2370 685 686 700 699
2385 684 685 699 698
2400 683 684 698 697
2415 682 683 697 696
2430 681 682 696 695
2445 680 681 695 694
2460 679 680 694 693
2475 483 679 693 482
2490 678 446 447 692
2505 677 678 692 691
2520 676 677 691 690
2535 675 676 690 689
2550 674 675 689 688
2565 673 674 688 687
2580 672 673 687 686
2595 671 672 686 685
2610 670 671 685 684
2625 669 670 684 683
2640 668 669 683 682
2655 667 668 682 681
2670 666 667 681 680
2685 665 666 680 679
2700 484 665 679 483
2715 664 445 446 678
2730 663 664 678 677
2745 662 663 677 676
2760 661 662 676 675
2775 660 661 675 674
2790 659 660 674 673
2805 658 659 673 672
2820 657 658 672 671
2835 656 657 671 670
2850 655 656 670 669
2865 654 655 669 668
2880 653 654 668 667
2895 652 653 667 666
2910 651 652 666 665
2925 485 651 665 484
2940 650 444 445 664
2955 649 650 664 663
2970 648 649 663 662
2985 647 648 662 661
3000 646 647 661 660
3015 645 646 660 659
3030 644 645 659 658
3045 643 644 658 657
3060 642 643 657 656
3075 641 642 656 655
3090 640 641 655 654
3105 639 640 654 653
3120 638 639 653 652
3135 637 638 652 651
3150 486 637 651 485
3165 636 443 444 650
3180 635 636 650 649
3195 634 635 649 648
3210 633 634 648 647
3225 632 633 647 646
3240 631 632 646 645
3255 630 631 645 644
3270 629 630 644 643
3285 628 629 643 642
3300 627 628 642 641
3315 626 627 641 640
3330 625 626 640 639
3345 624 625 639 638
3360 623 624 638 637
3375 487 623 637 486
3390 622 442 443 636
3405 621 622 636 635
3420 620 621 635 634
3435 619 620 634 633
3450 618 619 633 632
3465 617 618 632 631
3480 616 617 631 630
3495 615 616 630 629
3510 614 615 629 628
3525 613 614 628 627
3540 612 613 627 626
3555 611 612 626 625
3570 610 611 625 624
3585 609 610 624 623
3600 488 609 623 487
3615 608 441 442 622
3630 607 608 622 621
3645 606 607 621 620
3660 605 606 620 619
3675 604 605 619 618
3690 603 604 618 617
3705 602 603 617 616
3720 601 602 616 615
3735 600 601 615 614
3750 599 600 614 613
3765 598 599 613 612
3780 597 598 612 611
3795 596 597 611 610
3810 595 596 610 609
3825 489 595 609 488
3840 594 440 441 608
3855 593 594 608 607
3870 592 593 607 606
3885 591 592 606 605
3900 590 591 605 604
3915 589 590 604 603
3930 588 589 603 602
3945 587 588 602 601
3960 586 587 601 600
3975 585 586 600 599
3990 584 585 599 598
4005 583 584 598 597
4020 582 583 597 596
4035 581 582 596 595
4050 490 581 595 489
4065 580 439 440 594
4080 579 580 594 593
4095 578 579 593 592
4110 577 578 592 591
4125 576 577 591 590
4140 575 576 590 589
4155 574 575 589 588
4170 573 574 588 587
4185 572 573 587 586
4200 571 572 586 585
4215 570 571 585 584
4230 569 570 584 583
4245 568 569 583 582
4260 567 568 582 581
4275 491 567 581 490
4290 566 438 439 580
4305 565 566 580 579
4320 564 565 579 578
4335 563 564 578 577
4350 562 563 577 576
4365 561 562 576 575
4380 560 561 575 574
4395 559 560 574 573
4410 558 559 573 572
4425 557 558 572 571
4440 556 557 571 570
4455 555 556 570 569
4470 554 555 569 568
4485 553 554 568 567
4500 492 553 567 491
4515 552 437 438 566
4530 551 552 566 565
4545 550 551 565 564
4560 549 550 564 563
4575 548 549 563 562
4590 547 548 562 561
4605 546 547 561 560
4620 545 546 560 559
4635 544 545 559 558
4650 543 544 558 557
4665 542 543 557 556
4680 541 542 556 555
4695 540 541 555 554
4710 539 540 554 553
4725 493 539 553 492
4740 538 436 437 552
4755 537 538 552 551
4770 536 537 551 550
4785 535 536 550 549
4800 534 535 549 548
4815 533 534 548 547
4830 532 533 547 546
4845 531 532 546 545
4860 530 531 545 544
4875 529 530 544 543
4890 528 529 543 542
4905 527 528 542 541
4920 526 527 541 540
4935 525 526 540 539
4950 494 525 539 493
4965 524 435 436 538
4980 523 524 538 537
4995 522 523 537 536
5010 521 522 536 535
5025 520 521 535 534
5040 519 520 534 533
5055 518 519 533 532
5070 517 518 532 531
5085 516 517 531 530
5100 515 516 530 529
5115 514 515 529 528
5130 513 514 528 527
5145 512 513 527 526
5160 511 512 526 525
5175 495 511 525 494
5190 510 434 435 524
5205 509 510 524 523
5220 508 509 523 522
5235 507 508 522 521
5250 506 507 521 520
5265 505 506 520 519
5280 504 505 519 518
5295 503 504 518 517
5310 502 503 517 516
5325 501 502 516 515
5340 500 501 515 514
5355 499 500 514 513
5370 498 499 513 512
5385 497 498 512 511
5400 496 497 511 495
5415 432 418 434 510
5430 431 432 510 509
5445 430 431 509 508
5460 429 430 508 507
5475 428 429 507 506
5490 427 428 506 505
5505 426 427 505 504
5520 425 426 504 503
5535 424 425 503 502
5550 423 424 502 501
5565 422 423 501 500
5580 421 422 500 499
5595 420 421 499 498
5610 419 420 498 497
5625 417 419 497 496
