       375
1 42 833 861 57
2 833 834 862 861
3 834 835 863 862
4 835 836 864 863
5 836 837 865 864
6 837 838 866 865
7 838 839 867 866
8 839 840 868 867
9 840 841 869 868
10 841 842 870 869
11 842 843 871 870
12 843 844 872 871
13 844 845 873 872
14 845 846 874 873
15 846 433 457 874
226 57 861 875 58
227 861 862 876 875
228 862 863 877 876
229 863 864 878 877
230 864 865 879 878
231 865 866 880 879
232 866 867 881 880
233 867 868 882 881
234 868 869 883 882
235 869 870 884 883
236 870 871 885 884
237 871 872 886 885
238 872 873 887 886
239 873 874 888 887
240 874 457 456 888
451 58 875 889 59
452 875 876 890 889
453 876 877 891 890
454 877 878 892 891
455 878 879 893 892
456 879 880 894 893
457 880 881 895 894
458 881 882 896 895
459 882 883 897 896
460 883 884 898 897
461 884 885 899 898
462 885 886 900 899
463 886 887 901 900
464 887 888 902 901
465 888 456 455 902
676 59 889 903 60
677 889 890 904 903
678 890 891 905 904
679 891 892 906 905
680 892 893 907 906
681 893 894 908 907
682 894 895 909 908
683 895 896 910 909
684 896 897 911 910
685 897 898 912 911
686 898 899 913 912
687 899 900 914 913
688 900 901 915 914
689 901 902 916 915
690 902 455 454 916
901 60 903 917 61
902 903 904 918 917
903 904 905 919 918
904 905 906 920 919
905 906 907 921 920
906 907 908 922 921
907 908 909 923 922
908 909 910 924 923
909 910 911 925 924
910 911 912 926 925
911 912 913 927 926
912 913 914 928 927
913 914 915 929 928
914 915 916 930 929
915 916 454 453 930
1126 61 917 931 62
1127 917 918 932 931
1128 918 919 933 932
1129 919 920 934 933
1130 920 921 935 934
1131 921 922 936 935
1132 922 923 937 936
1133 923 924 938 937
1134 924 925 939 938
1135 925 926 940 939
1136 926 927 941 940
1137 927 928 942 941
1138 928 929 943 942
1139 929 930 944 943
1140 930 453 452 944
1351 62 931 945 63
1352 931 932 946 945
1353 932 933 947 946
1354 933 934 948 947
1355 934 935 949 948
1356 935 936 950 949
1357 936 937 951 950
1358 937 938 952 951
1359 938 939 953 952
1360 939 940 954 953
1361 940 941 955 954
1362 941 942 956 955
1363 942 943 957 956
1364 943 944 958 957
1365 944 452 451 958
1576 63 945 959 64
1577 945 946 960 959
1578 946 947 961 960
1579 947 948 962 961
1580 948 949 963 962
1581 949 950 964 963
1582 950 951 965 964
1583 951 952 966 965
1584 952 953 967 966
1585 953 954 968 967
1586 954 955 969 968
1587 955 956 970 969
1588 956 957 971 970
1589 957 958 972 971
1590 958 451 450 972
1801 64 959 973 65
1802 959 960 974 973
1803 960 961 975 974
1804 961 962 976 975
1805 962 963 977 976
1806 963 964 978 977
1807 964 965 979 978
1808 965 966 980 979
1809 966 967 981 980
1810 967 968 982 981
1811 968 969 983 982
1812 969 970 984 983
1813 970 971 985 984
1814 971 972 986 985
1815 972 450 449 986
2026 65 973 987 66
2027 973 974 988 987
2028 974 975 989 988
2029 975 976 990 989
2030 976 977 991 990
2031 977 978 992 991
2032 978 979 993 992
2033 979 980 994 993
2034 980 981 995 994
2035 981 982 996 995
2036 982 983 997 996
2037 983 984 998 997
2038 984 985 999 998
2039 985 986 1000 999
2040 986 449 448 1000
2251 66 987 1001 67
2252 987 988 1002 1001
2253 988 989 1003 1002
2254 989 990 1004 1003
2255 990 991 1005 1004
2256 991 992 1006 1005
2257 992 993 1007 1006
2258 993 994 1008 1007
2259 994 995 1009 1008
2260 995 996 1010 1009
2261 996 997 1011 1010
2262 997 998 1012 1011
2263 998 999 1013 1012
2264 999 1000 1014 1013
2265 1000 448 447 1014
2476 67 1001 1015 68
2477 1001 1002 1016 1015
2478 1002 1003 1017 1016
2479 1003 1004 1018 1017
2480 1004 1005 1019 1018
2481 1005 1006 1020 1019
2482 1006 1007 1021 1020
2483 1007 1008 1022 1021
2484 1008 1009 1023 1022
2485 1009 1010 1024 1023
2486 1010 1011 1025 1024
2487 1011 1012 1026 1025
2488 1012 1013 1027 1026
2489 1013 1014 1028 1027
2490 1014 447 446 1028
2701 68 1015 1029 69
2702 1015 1016 1030 1029
2703 1016 1017 1031 1030
2704 1017 1018 1032 1031
2705 1018 1019 1033 1032
2706 1019 1020 1034 1033
2707 1020 1021 1035 1034
2708 1021 1022 1036 1035
2709 1022 1023 1037 1036
2710 1023 1024 1038 1037
2711 1024 1025 1039 1038
2712 1025 1026 1040 1039
2713 1026 1027 1041 1040
2714 1027 1028 1042 1041
2715 1028 446 445 1042
2926 69 1029 1043 70
2927 1029 1030 1044 1043
2928 1030 1031 1045 1044
2929 1031 1032 1046 1045
2930 1032 1033 1047 1046
2931 1033 1034 1048 1047
2932 1034 1035 1049 1048
2933 1035 1036 1050 1049
2934 1036 1037 1051 1050
2935 1037 1038 1052 1051
2936 1038 1039 1053 1052
2937 1039 1040 1054 1053
2938 1040 1041 1055 1054
2939 1041 1042 1056 1055
2940 1042 445 444 1056
3151 70 1043 1057 71
3152 1043 1044 1058 1057
3153 1044 1045 1059 1058
3154 1045 1046 1060 1059
3155 1046 1047 1061 1060
3156 1047 1048 1062 1061
3157 1048 1049 1063 1062
3158 1049 1050 1064 1063
3159 1050 1051 1065 1064
3160 1051 1052 1066 1065
3161 1052 1053 1067 1066
3162 1053 1054 1068 1067
3163 1054 1055 1069 1068
3164 1055 1056 1070 1069
3165 1056 444 443 1070
3376 71 1057 1071 72
3377 1057 1058 1072 1071
3378 1058 1059 1073 1072
3379 1059 1060 1074 1073
3380 1060 1061 1075 1074
3381 1061 1062 1076 1075
3382 1062 1063 1077 1076
3383 1063 1064 1078 1077
3384 1064 1065 1079 1078
3385 1065 1066 1080 1079
3386 1066 1067 1081 1080
3387 1067 1068 1082 1081
3388 1068 1069 1083 1082
3389 1069 1070 1084 1083
3390 1070 443 442 1084
3601 72 1071 1085 73
3602 1071 1072 1086 1085
3603 1072 1073 1087 1086
3604 1073 1074 1088 1087
3605 1074 1075 1089 1088
3606 1075 1076 1090 1089
3607 1076 1077 1091 1090
3608 1077 1078 1092 1091
3609 1078 1079 1093 1092
3610 1079 1080 1094 1093
3611 1080 1081 1095 1094
3612 1081 1082 1096 1095
3613 1082 1083 1097 1096
3614 1083 1084 1098 1097
3615 1084 442 441 1098
3826 73 1085 1099 74
3827 1085 1086 1100 1099
3828 1086 1087 1101 1100
3829 1087 1088 1102 1101
3830 1088 1089 1103 1102
3831 1089 1090 1104 1103
3832 1090 1091 1105 1104
3833 1091 1092 1106 1105
3834 1092 1093 1107 1106
3835 1093 1094 1108 1107
3836 1094 1095 1109 1108
3837 1095 1096 1110 1109
3838 1096 1097 1111 1110
3839 1097 1098 1112 1111
3840 1098 441 440 1112
4051 74 1099 1113 75
4052 1099 1100 1114 1113
4053 1100 1101 1115 1114
4054 1101 1102 1116 1115
4055 1102 1103 1117 1116
4056 1103 1104 1118 1117
4057 1104 1105 1119 1118
4058 1105 1106 1120 1119
4059 1106 1107 1121 1120
4060 1107 1108 1122 1121
4061 1108 1109 1123 1122
4062 1109 1110 1124 1123
4063 1110 1111 1125 1124
4064 1111 1112 1126 1125
4065 1112 440 439 1126
4276 75 1113 1127 76
4277 1113 1114 1128 1127
4278 1114 1115 1129 1128
4279 1115 1116 1130 1129
4280 1116 1117 1131 1130
4281 1117 1118 1132 1131
4282 1118 1119 1133 1132
4283 1119 1120 1134 1133
4284 1120 1121 1135 1134
4285 1121 1122 1136 1135
4286 1122 1123 1137 1136
4287 1123 1124 1138 1137
4288 1124 1125 1139 1138
4289 1125 1126 1140 1139
4290 1126 439 438 1140
4501 76 1127 1141 77
4502 1127 1128 1142 1141
4503 1128 1129 1143 1142
4504 1129 1130 1144 1143
4505 1130 1131 1145 1144
4506 1131 1132 1146 1145
4507 1132 1133 1147 1146
4508 1133 1134 1148 1147
4509 1134 1135 1149 1148
4510 1135 1136 1150 1149
4511 1136 1137 1151 1150
4512 1137 1138 1152 1151
4513 1138 1139 1153 1152
4514 1139 1140 1154 1153
4515 1140 438 437 1154
4726 77 1141 1155 78
4727 1141 1142 1156 1155
4728 1142 1143 1157 1156
4729 1143 1144 1158 1157
4730 1144 1145 1159 1158
4731 1145 1146 1160 1159
4732 1146 1147 1161 1160
4733 1147 1148 1162 1161
4734 1148 1149 1163 1162
4735 1149 1150 1164 1163
4736 1150 1151 1165 1164
4737 1151 1152 1166 1165
4738 1152 1153 1167 1166
4739 1153 1154 1168 1167
4740 1154 437 436 1168
4951 78 1155 1169 79
4952 1155 1156 1170 1169
4953 1156 1157 1171 1170
4954 1157 1158 1172 1171
4955 1158 1159 1173 1172
4956 1159 1160 1174 1173
4957 1160 1161 1175 1174
4958 1161 1162 1176 1175
4959 1162 1163 1177 1176
4960 1163 1164 1178 1177
4961 1164 1165 1179 1178
4962 1165 1166 1180 1179
4963 1166 1167 1181 1180
4964 1167 1168 1182 1181
4965 1168 436 435 1182
5176 79 1169 1183 80
5177 1169 1170 1184 1183
5178 1170 1171 1185 1184
5179 1171 1172 1186 1185
5180 1172 1173 1187 1186
5181 1173 1174 1188 1187
5182 1174 1175 1189 1188
5183 1175 1176 1190 1189
5184 1176 1177 1191 1190
5185 1177 1178 1192 1191
5186 1178 1179 1193 1192
5187 1179 1180 1194 1193
5188 1180 1181 1195 1194
5189 1181 1182 1196 1195
5190 1182 435 434 1196
5401 80 1183 847 1
5402 1183 1184 848 847
5403 1184 1185 849 848
5404 1185 1186 850 849
5405 1186 1187 851 850
5406 1187 1188 852 851
5407 1188 1189 853 852
5408 1189 1190 854 853
5409 1190 1191 855 854
5410 1191 1192 856 855
5411 1192 1193 857 856
5412 1193 1194 858 857
5413 1194 1195 859 858
5414 1195 1196 860 859
5415 1196 434 418 860
