       225
5401 1 847 1757 3
5402 847 848 1758 1757
5403 848 849 1759 1758
5404 849 850 1760 1759
5405 850 851 1761 1760
5406 851 852 1762 1761
5407 852 853 1763 1762
5408 853 854 1764 1763
5409 854 855 1765 1764
5410 855 856 1766 1765
5411 856 857 1767 1766
5412 857 858 1768 1767
5413 858 859 1769 1768
5414 859 860 1770 1769
5415 860 418 432 1770
5416 3 1757 1771 4
5417 1757 1758 1772 1771
5418 1758 1759 1773 1772
5419 1759 1760 1774 1773
5420 1760 1761 1775 1774
5421 1761 1762 1776 1775
5422 1762 1763 1777 1776
5423 1763 1764 1778 1777
5424 1764 1765 1779 1778
5425 1765 1766 1780 1779
5426 1766 1767 1781 1780
5427 1767 1768 1782 1781
5428 1768 1769 1783 1782
5429 1769 1770 1784 1783
5430 1770 432 431 1784
5431 4 1771 1785 5
5432 1771 1772 1786 1785
5433 1772 1773 1787 1786
5434 1773 1774 1788 1787
5435 1774 1775 1789 1788
5436 1775 1776 1790 1789
5437 1776 1777 1791 1790
5438 1777 1778 1792 1791
5439 1778 1779 1793 1792
5440 1779 1780 1794 1793
5441 1780 1781 1795 1794
5442 1781 1782 1796 1795
5443 1782 1783 1797 1796
5444 1783 1784 1798 1797
5445 1784 431 430 1798
5446 5 1785 1799 6
5447 1785 1786 1800 1799
5448 1786 1787 1801 1800
5449 1787 1788 1802 1801
5450 1788 1789 1803 1802
5451 1789 1790 1804 1803
5452 1790 1791 1805 1804
5453 1791 1792 1806 1805
5454 1792 1793 1807 1806
5455 1793 1794 1808 1807
5456 1794 1795 1809 1808
5457 1795 1796 1810 1809
5458 1796 1797 1811 1810
5459 1797 1798 1812 1811
5460 1798 430 429 1812
5461 6 1799 1813 7
5462 1799 1800 1814 1813
5463 1800 1801 1815 1814
5464 1801 1802 1816 1815
5465 1802 1803 1817 1816
5466 1803 1804 1818 1817
5467 1804 1805 1819 1818
5468 1805 1806 1820 1819
5469 1806 1807 1821 1820
5470 1807 1808 1822 1821
5471 1808 1809 1823 1822
5472 1809 1810 1824 1823
5473 1810 1811 1825 1824
5474 1811 1812 1826 1825
5475 1812 429 428 1826
5476 7 1813 1827 8
5477 1813 1814 1828 1827
5478 1814 1815 1829 1828
5479 1815 1816 1830 1829
5480 1816 1817 1831 1830
5481 1817 1818 1832 1831
5482 1818 1819 1833 1832
5483 1819 1820 1834 1833
5484 1820 1821 1835 1834
5485 1821 1822 1836 1835
5486 1822 1823 1837 1836
5487 1823 1824 1838 1837
5488 1824 1825 1839 1838
5489 1825 1826 1840 1839
5490 1826 428 427 1840
5491 8 1827 1841 9
5492 1827 1828 1842 1841
5493 1828 1829 1843 1842
5494 1829 1830 1844 1843
5495 1830 1831 1845 1844
5496 1831 1832 1846 1845
5497 1832 1833 1847 1846
5498 1833 1834 1848 1847
5499 1834 1835 1849 1848
5500 1835 1836 1850 1849
5501 1836 1837 1851 1850
5502 1837 1838 1852 1851
5503 1838 1839 1853 1852
5504 1839 1840 1854 1853
5505 1840 427 426 1854
5506 9 1841 1855 10
5507 1841 1842 1856 1855
5508 1842 1843 1857 1856
5509 1843 1844 1858 1857
5510 1844 1845 1859 1858
5511 1845 1846 1860 1859
5512 1846 1847 1861 1860
5513 1847 1848 1862 1861
5514 1848 1849 1863 1862
5515 1849 1850 1864 1863
5516 1850 1851 1865 1864
5517 1851 1852 1866 1865
5518 1852 1853 1867 1866
5519 1853 1854 1868 1867
5520 1854 426 425 1868
5521 10 1855 1869 11
5522 1855 1856 1870 1869
5523 1856 1857 1871 1870
5524 1857 1858 1872 1871
5525 1858 1859 1873 1872
5526 1859 1860 1874 1873
5527 1860 1861 1875 1874
5528 1861 1862 1876 1875
5529 1862 1863 1877 1876
5530 1863 1864 1878 1877
5531 1864 1865 1879 1878
5532 1865 1866 1880 1879
5533 1866 1867 1881 1880
5534 1867 1868 1882 1881
5535 1868 425 424 1882
5536 11 1869 1883 12
5537 1869 1870 1884 1883
5538 1870 1871 1885 1884
5539 1871 1872 1886 1885
5540 1872 1873 1887 1886
5541 1873 1874 1888 1887
5542 1874 1875 1889 1888
5543 1875 1876 1890 1889
5544 1876 1877 1891 1890
5545 1877 1878 1892 1891
5546 1878 1879 1893 1892
5547 1879 1880 1894 1893
5548 1880 1881 1895 1894
5549 1881 1882 1896 1895
5550 1882 424 423 1896
5551 12 1883 1897 13
5552 1883 1884 1898 1897
5553 1884 1885 1899 1898
5554 1885 1886 1900 1899
5555 1886 1887 1901 1900
5556 1887 1888 1902 1901
5557 1888 1889 1903 1902
5558 1889 1890 1904 1903
5559 1890 1891 1905 1904
5560 1891 1892 1906 1905
5561 1892 1893 1907 1906
5562 1893 1894 1908 1907
5563 1894 1895 1909 1908
5564 1895 1896 1910 1909
5565 1896 423 422 1910
5566 13 1897 1911 14
5567 1897 1898 1912 1911
5568 1898 1899 1913 1912
5569 1899 1900 1914 1913
5570 1900 1901 1915 1914
5571 1901 1902 1916 1915
5572 1902 1903 1917 1916
5573 1903 1904 1918 1917
5574 1904 1905 1919 1918
5575 1905 1906 1920 1919
5576 1906 1907 1921 1920
5577 1907 1908 1922 1921
5578 1908 1909 1923 1922
5579 1909 1910 1924 1923
5580 1910 422 421 1924
5581 14 1911 1925 15
5582 1911 1912 1926 1925
5583 1912 1913 1927 1926
5584 1913 1914 1928 1927
5585 1914 1915 1929 1928
5586 1915 1916 1930 1929
5587 1916 1917 1931 1930
5588 1917 1918 1932 1931
5589 1918 1919 1933 1932
5590 1919 1920 1934 1933
5591 1920 1921 1935 1934
5592 1921 1922 1936 1935
5593 1922 1923 1937 1936
5594 1923 1924 1938 1937
5595 1924 421 420 1938
5596 15 1925 1939 16
5597 1925 1926 1940 1939
5598 1926 1927 1941 1940
5599 1927 1928 1942 1941
5600 1928 1929 1943 1942
5601 1929 1930 1944 1943
5602 1930 1931 1945 1944
5603 1931 1932 1946 1945
5604 1932 1933 1947 1946
5605 1933 1934 1948 1947
5606 1934 1935 1949 1948
5607 1935 1936 1950 1949
5608 1936 1937 1951 1950
5609 1937 1938 1952 1951
5610 1938 420 419 1952
5611 16 1939 1407 2
5612 1939 1940 1408 1407
5613 1940 1941 1409 1408
5614 1941 1942 1410 1409
5615 1942 1943 1411 1410
5616 1943 1944 1412 1411
5617 1944 1945 1413 1412
5618 1945 1946 1414 1413
5619 1946 1947 1415 1414
5620 1947 1948 1416 1415
5621 1948 1949 1417 1416
5622 1949 1950 1418 1417
5623 1950 1951 1419 1418
5624 1951 1952 1420 1419
5625 1952 419 417 1420
