       375
1 57 403 56 42
16 403 404 55 56
31 404 405 54 55
46 405 406 53 54
61 406 407 52 53
76 407 408 51 52
91 408 409 50 51
106 409 410 49 50
121 410 411 48 49
136 411 412 47 48
151 412 413 46 47
166 413 414 45 46
181 414 415 44 45
196 415 416 43 44
211 416 41 17 43
226 58 389 403 57
241 389 390 404 403
256 390 391 405 404
271 391 392 406 405
286 392 393 407 406
301 393 394 408 407
316 394 395 409 408
331 395 396 410 409
346 396 397 411 410
361 397 398 412 411
376 398 399 413 412
391 399 400 414 413
406 400 401 415 414
421 401 402 416 415
436 402 40 41 416
451 59 375 389 58
466 375 376 390 389
481 376 377 391 390
496 377 378 392 391
511 378 379 393 392
526 379 380 394 393
541 380 381 395 394
556 381 382 396 395
571 382 383 397 396
586 383 384 398 397
601 384 385 399 398
616 385 386 400 399
631 386 387 401 400
646 387 388 402 401
661 388 39 40 402
676 60 361 375 59
691 361 362 376 375
706 362 363 377 376
721 363 364 378 377
736 364 365 379 378
751 365 366 380 379
766 366 367 381 380
781 367 368 382 381
796 368 369 383 382
811 369 370 384 383
826 370 371 385 384
841 371 372 386 385
856 372 373 387 386
871 373 374 388 387
886 374 38 39 388
901 61 347 361 60
916 347 348 362 361
931 348 349 363 362
946 349 350 364 363
961 350 351 365 364
976 351 352 366 365
991 352 353 367 366
1006 353 354 368 367
1021 354 355 369 368
1036 355 356 370 369
1051 356 357 371 370
1066 357 358 372 371
1081 358 359 373 372
1096 359 360 374 373
1111 360 37 38 374
1126 62 333 347 61
1141 333 334 348 347
1156 334 335 349 348
1171 335 336 350 349
1186 336 337 351 350
1201 337 338 352 351
1216 338 339 353 352
1231 339 340 354 353
1246 340 341 355 354
1261 341 342 356 355
1276 342 343 357 356
1291 343 344 358 357
1306 344 345 359 358
1321 345 346 360 359
1336 346 36 37 360
1351 63 319 333 62
1366 319 320 334 333
1381 320 321 335 334
1396 321 322 336 335
1411 322 323 337 336
1426 323 324 338 337
1441 324 325 339 338
1456 325 326 340 339
1471 326 327 341 340
1486 327 328 342 341
1501 328 329 343 342
1516 329 330 344 343
1531 330 331 345 344
1546 331 332 346 345
1561 332 35 36 346
1576 64 305 319 63
1591 305 306 320 319
1606 306 307 321 320
1621 307 308 322 321
1636 308 309 323 322
1651 309 310 324 323
1666 310 311 325 324
1681 311 312 326 325
1696 312 313 327 326
1711 313 314 328 327
1726 314 315 329 328
1741 315 316 330 329
1756 316 317 331 330
1771 317 318 332 331
1786 318 34 35 332
1801 65 291 305 64
1816 291 292 306 305
1831 292 293 307 306
1846 293 294 308 307
1861 294 295 309 308
1876 295 296 310 309
1891 296 297 311 310
1906 297 298 312 311
1921 298 299 313 312
1936 299 300 314 313
1951 300 301 315 314
1966 301 302 316 315
1981 302 303 317 316
1996 303 304 318 317
2011 304 33 34 318
2026 66 277 291 65
2041 277 278 292 291
2056 278 279 293 292
2071 279 280 294 293
2086 280 281 295 294
2101 281 282 296 295
2116 282 283 297 296
2131 283 284 298 297
2146 284 285 299 298
2161 285 286 300 299
2176 286 287 301 300
2191 287 288 302 301
2206 288 289 303 302
2221 289 290 304 303
2236 290 32 33 304
2251 67 263 277 66
2266 263 264 278 277
2281 264 265 279 278
2296 265 266 280 279
2311 266 267 281 280
2326 267 268 282 281
2341 268 269 283 282
2356 269 270 284 283
2371 270 271 285 284
2386 271 272 286 285
2401 272 273 287 286
2416 273 274 288 287
2431 274 275 289 288
2446 275 276 290 289
2461 276 31 32 290
2476 68 249 263 67
2491 249 250 264 263
2506 250 251 265 264
2521 251 252 266 265
2536 252 253 267 266
2551 253 254 268 267
2566 254 255 269 268
2581 255 256 270 269
2596 256 257 271 270
2611 257 258 272 271
2626 258 259 273 272
2641 259 260 274 273
2656 260 261 275 274
2671 261 262 276 275
2686 262 30 31 276
2701 69 235 249 68
2716 235 236 250 249
2731 236 237 251 250
2746 237 238 252 251
2761 238 239 253 252
2776 239 240 254 253
2791 240 241 255 254
2806 241 242 256 255
2821 242 243 257 256
2836 243 244 258 257
2851 244 245 259 258
2866 245 246 260 259
2881 246 247 261 260
2896 247 248 262 261
2911 248 29 30 262
2926 70 221 235 69
2941 221 222 236 235
2956 222 223 237 236
2971 223 224 238 237
2986 224 225 239 238
3001 225 226 240 239
3016 226 227 241 240
3031 227 228 242 241
3046 228 229 243 242
3061 229 230 244 243
3076 230 231 245 244
3091 231 232 246 245
3106 232 233 247 246
3121 233 234 248 247
3136 234 28 29 248
3151 71 207 221 70
3166 207 208 222 221
3181 208 209 223 222
3196 209 210 224 223
3211 210 211 225 224
3226 211 212 226 225
3241 212 213 227 226
3256 213 214 228 227
3271 214 215 229 228
3286 215 216 230 229
3301 216 217 231 230
3316 217 218 232 231
3331 218 219 233 232
3346 219 220 234 233
3361 220 27 28 234
3376 72 193 207 71
3391 193 194 208 207
3406 194 195 209 208
3421 195 196 210 209
3436 196 197 211 210
3451 197 198 212 211
3466 198 199 213 212
3481 199 200 214 213
3496 200 201 215 214
3511 201 202 216 215
3526 202 203 217 216
3541 203 204 218 217
3556 204 205 219 218
3571 205 206 220 219
3586 206 26 27 220
3601 73 179 193 72
3616 179 180 194 193
3631 180 181 195 194
3646 181 182 196 195
3661 182 183 197 196
3676 183 184 198 197
3691 184 185 199 198
3706 185 186 200 199
3721 186 187 201 200
3736 187 188 202 201
3751 188 189 203 202
3766 189 190 204 203
3781 190 191 205 204
3796 191 192 206 205
3811 192 25 26 206
3826 74 165 179 73
3841 165 166 180 179
3856 166 167 181 180
3871 167 168 182 181
3886 168 169 183 182
3901 169 170 184 183
3916 170 171 185 184
3931 171 172 186 185
3946 172 173 187 186
3961 173 174 188 187
3976 174 175 189 188
3991 175 176 190 189
4006 176 177 191 190
4021 177 178 192 191
4036 178 24 25 192
4051 75 151 165 74
4066 151 152 166 165
4081 152 153 167 166
4096 153 154 168 167
4111 154 155 169 168
4126 155 156 170 169
4141 156 157 171 170
4156 157 158 172 171
4171 158 159 173 172
4186 159 160 174 173
4201 160 161 175 174
4216 161 162 176 175
4231 162 163 177 176
4246 163 164 178 177
4261 164 23 24 178
4276 76 137 151 75
4291 137 138 152 151
4306 138 139 153 152
4321 139 140 154 153
4336 140 141 155 154
4351 141 142 156 155
4366 142 143 157 156
4381 143 144 158 157
4396 144 145 159 158
4411 145 146 160 159
4426 146 147 161 160
4441 147 148 162 161
4456 148 149 163 162
4471 149 150 164 163
4486 150 22 23 164
4501 77 123 137 76
4516 123 124 138 137
4531 124 125 139 138
4546 125 126 140 139
4561 126 127 141 140
4576 127 128 142 141
4591 128 129 143 142
4606 129 130 144 143
4621 130 131 145 144
4636 131 132 146 145
4651 132 133 147 146
4666 133 134 148 147
4681 134 135 149 148
4696 135 136 150 149
4711 136 21 22 150
4726 78 109 123 77
4741 109 110 124 123
4756 110 111 125 124
4771 111 112 126 125
4786 112 113 127 126
4801 113 114 128 127
4816 114 115 129 128
4831 115 116 130 129
4846 116 117 131 130
4861 117 118 132 131
4876 118 119 133 132
4891 119 120 134 133
4906 120 121 135 134
4921 121 122 136 135
4936 122 20 21 136
4951 79 95 109 78
4966 95 96 110 109
4981 96 97 111 110
4996 97 98 112 111
5011 98 99 113 112
5026 99 100 114 113
5041 100 101 115 114
5056 101 102 116 115
5071 102 103 117 116
5086 103 104 118 117
5101 104 105 119 118
5116 105 106 120 119
5131 106 107 121 120
5146 107 108 122 121
5161 108 19 20 122
5176 80 81 95 79
5191 81 82 96 95
5206 82 83 97 96
5221 83 84 98 97
5236 84 85 99 98
5251 85 86 100 99
5266 86 87 101 100
5281 87 88 102 101
5296 88 89 103 102
5311 89 90 104 103
5326 90 91 105 104
5341 91 92 106 105
5356 92 93 107 106
5371 93 94 108 107
5386 94 18 19 108
5401 1 3 81 80
5416 3 4 82 81
5431 4 5 83 82
5446 5 6 84 83
5461 6 7 85 84
5476 7 8 86 85
5491 8 9 87 86
5506 9 10 88 87
5521 10 11 89 88
5536 11 12 90 89
5551 12 13 91 90
5566 13 14 92 91
5581 14 15 93 92
5596 15 16 94 93
5611 16 2 18 94
