      1500
30 3162 1662 1613 1664
60 3161 3162 1664 1665
90 3160 3161 1665 1666
120 3159 3160 1666 1667
150 3158 3159 1667 1668
180 3157 3158 1668 1669
210 3156 3157 1669 1670
240 3155 3156 1670 1671
270 3154 3155 1671 1672
300 3153 3154 1672 1673
330 3152 3153 1673 1674
360 3151 3152 1674 1675
390 3150 3151 1675 1676
420 3149 3150 1676 1677
450 3148 3149 1677 1678
480 3147 3148 1678 1679
510 3146 3147 1679 1680
540 3145 3146 1680 1681
570 3144 3145 1681 1682
600 3143 3144 1682 1683
630 3142 3143 1683 1684
660 3141 3142 1684 1685
690 3140 3141 1685 1686
720 3139 3140 1686 1687
750 3138 3139 1687 1688
780 3137 3138 1688 1689
810 3136 3137 1689 1690
840 3135 3136 1690 1691
870 3134 3135 1691 1692
900 1693 3134 1692 1663
930 3133 1661 1662 3162
960 3132 3133 3162 3161
990 3131 3132 3161 3160
1020 3130 3131 3160 3159
1050 3129 3130 3159 3158
1080 3128 3129 3158 3157
1110 3127 3128 3157 3156
1140 3126 3127 3156 3155
1170 3125 3126 3155 3154
1200 3124 3125 3154 3153
1230 3123 3124 3153 3152
1260 3122 3123 3152 3151
1290 3121 3122 3151 3150
1320 3120 3121 3150 3149
1350 3119 3120 3149 3148
1380 3118 3119 3148 3147
1410 3117 3118 3147 3146
1440 3116 3117 3146 3145
1470 3115 3116 3145 3144
1500 3114 3115 3144 3143
1530 3113 3114 3143 3142
1560 3112 3113 3142 3141
1590 3111 3112 3141 3140
1620 3110 3111 3140 3139
1650 3109 3110 3139 3138
1680 3108 3109 3138 3137
1710 3107 3108 3137 3136
1740 3106 3107 3136 3135
1770 3105 3106 3135 3134
1800 1694 3105 3134 1693
1830 3104 1660 1661 3133
1860 3103 3104 3133 3132
1890 3102 3103 3132 3131
1920 3101 3102 3131 3130
1950 3100 3101 3130 3129
1980 3099 3100 3129 3128
2010 3098 3099 3128 3127
2040 3097 3098 3127 3126
2070 3096 3097 3126 3125
2100 3095 3096 3125 3124
2130 3094 3095 3124 3123
2160 3093 3094 3123 3122
2190 3092 3093 3122 3121
2220 3091 3092 3121 3120
2250 3090 3091 3120 3119
2280 3089 3090 3119 3118
2310 3088 3089 3118 3117
2340 3087 3088 3117 3116
2370 3086 3087 3116 3115
2400 3085 3086 3115 3114
2430 3084 3085 3114 3113
2460 3083 3084 3113 3112
2490 3082 3083 3112 3111
2520 3081 3082 3111 3110
2550 3080 3081 3110 3109
2580 3079 3080 3109 3108
2610 3078 3079 3108 3107
2640 3077 3078 3107 3106
2670 3076 3077 3106 3105
2700 1695 3076 3105 1694
2730 3075 1659 1660 3104
2760 3074 3075 3104 3103
2790 3073 3074 3103 3102
2820 3072 3073 3102 3101
2850 3071 3072 3101 3100
2880 3070 3071 3100 3099
2910 3069 3070 3099 3098
2940 3068 3069 3098 3097
2970 3067 3068 3097 3096
3000 3066 3067 3096 3095
3030 3065 3066 3095 3094
3060 3064 3065 3094 3093
3090 3063 3064 3093 3092
3120 3062 3063 3092 3091
3150 3061 3062 3091 3090
3180 3060 3061 3090 3089
3210 3059 3060 3089 3088
3240 3058 3059 3088 3087
3270 3057 3058 3087 3086
3300 3056 3057 3086 3085
3330 3055 3056 3085 3084
3360 3054 3055 3084 3083
3390 3053 3054 3083 3082
3420 3052 3053 3082 3081
3450 3051 3052 3081 3080
3480 3050 3051 3080 3079
3510 3049 3050 3079 3078
3540 3048 3049 3078 3077
3570 3047 3048 3077 3076
3600 1696 3047 3076 1695
3630 3046 1658 1659 3075
3660 3045 3046 3075 3074
3690 3044 3045 3074 3073
3720 3043 3044 3073 3072
3750 3042 3043 3072 3071
3780 3041 3042 3071 3070
3810 3040 3041 3070 3069
3840 3039 3040 3069 3068
3870 3038 3039 3068 3067
3900 3037 3038 3067 3066
3930 3036 3037 3066 3065
3960 3035 3036 3065 3064
3990 3034 3035 3064 3063
4020 3033 3034 3063 3062
4050 3032 3033 3062 3061
4080 3031 3032 3061 3060
4110 3030 3031 3060 3059
4140 3029 3030 3059 3058
4170 3028 3029 3058 3057
4200 3027 3028 3057 3056
4230 3026 3027 3056 3055
4260 3025 3026 3055 3054
4290 3024 3025 3054 3053
4320 3023 3024 3053 3052
4350 3022 3023 3052 3051
4380 3021 3022 3051 3050
4410 3020 3021 3050 3049
4440 3019 3020 3049 3048
4470 3018 3019 3048 3047
4500 1697 3018 3047 1696
4530 3017 1657 1658 3046
4560 3016 3017 3046 3045
4590 3015 3016 3045 3044
4620 3014 3015 3044 3043
4650 3013 3014 3043 3042
4680 3012 3013 3042 3041
4710 3011 3012 3041 3040
4740 3010 3011 3040 3039
4770 3009 3010 3039 3038
4800 3008 3009 3038 3037
4830 3007 3008 3037 3036
4860 3006 3007 3036 3035
4890 3005 3006 3035 3034
4920 3004 3005 3034 3033
4950 3003 3004 3033 3032
4980 3002 3003 3032 3031
5010 3001 3002 3031 3030
5040 3000 3001 3030 3029
5070 2999 3000 3029 3028
5100 2998 2999 3028 3027
5130 2997 2998 3027 3026
5160 2996 2997 3026 3025
5190 2995 2996 3025 3024
5220 2994 2995 3024 3023
5250 2993 2994 3023 3022
5280 2992 2993 3022 3021
5310 2991 2992 3021 3020
5340 2990 2991 3020 3019
5370 2989 2990 3019 3018
5400 1698 2989 3018 1697
5430 2988 1656 1657 3017
5460 2987 2988 3017 3016
5490 2986 2987 3016 3015
5520 2985 2986 3015 3014
5550 2984 2985 3014 3013
5580 2983 2984 3013 3012
5610 2982 2983 3012 3011
5640 2981 2982 3011 3010
5670 2980 2981 3010 3009
5700 2979 2980 3009 3008
5730 2978 2979 3008 3007
5760 2977 2978 3007 3006
5790 2976 2977 3006 3005
5820 2975 2976 3005 3004
5850 2974 2975 3004 3003
5880 2973 2974 3003 3002
5910 2972 2973 3002 3001
5940 2971 2972 3001 3000
5970 2970 2971 3000 2999
6000 2969 2970 2999 2998
6030 2968 2969 2998 2997
6060 2967 2968 2997 2996
6090 2966 2967 2996 2995
6120 2965 2966 2995 2994
6150 2964 2965 2994 2993
6180 2963 2964 2993 2992
6210 2962 2963 2992 2991
6240 2961 2962 2991 2990
6270 2960 2961 2990 2989
6300 1699 2960 2989 1698
6330 2959 1655 1656 2988
6360 2958 2959 2988 2987
6390 2957 2958 2987 2986
6420 2956 2957 2986 2985
6450 2955 2956 2985 2984
6480 2954 2955 2984 2983
6510 2953 2954 2983 2982
6540 2952 2953 2982 2981
6570 2951 2952 2981 2980
6600 2950 2951 2980 2979
6630 2949 2950 2979 2978
6660 2948 2949 2978 2977
6690 2947 2948 2977 2976
6720 2946 2947 2976 2975
6750 2945 2946 2975 2974
6780 2944 2945 2974 2973
6810 2943 2944 2973 2972
6840 2942 2943 2972 2971
6870 2941 2942 2971 2970
6900 2940 2941 2970 2969
6930 2939 2940 2969 2968
6960 2938 2939 2968 2967
6990 2937 2938 2967 2966
7020 2936 2937 2966 2965
7050 2935 2936 2965 2964
7080 2934 2935 2964 2963
7110 2933 2934 2963 2962
7140 2932 2933 2962 2961
7170 2931 2932 2961 2960
7200 1700 2931 2960 1699
7230 2930 1654 1655 2959
7260 2929 2930 2959 2958
7290 2928 2929 2958 2957
7320 2927 2928 2957 2956
7350 2926 2927 2956 2955
7380 2925 2926 2955 2954
7410 2924 2925 2954 2953
7440 2923 2924 2953 2952
7470 2922 2923 2952 2951
7500 2921 2922 2951 2950
7530 2920 2921 2950 2949
7560 2919 2920 2949 2948
7590 2918 2919 2948 2947
7620 2917 2918 2947 2946
7650 2916 2917 2946 2945
7680 2915 2916 2945 2944
7710 2914 2915 2944 2943
7740 2913 2914 2943 2942
7770 2912 2913 2942 2941
7800 2911 2912 2941 2940
7830 2910 2911 2940 2939
7860 2909 2910 2939 2938
7890 2908 2909 2938 2937
7920 2907 2908 2937 2936
7950 2906 2907 2936 2935
7980 2905 2906 2935 2934
8010 2904 2905 2934 2933
8040 2903 2904 2933 2932
8070 2902 2903 2932 2931
8100 1701 2902 2931 1700
8130 2901 1653 1654 2930
8160 2900 2901 2930 2929
8190 2899 2900 2929 2928
8220 2898 2899 2928 2927
8250 2897 2898 2927 2926
8280 2896 2897 2926 2925
8310 2895 2896 2925 2924
8340 2894 2895 2924 2923
8370 2893 2894 2923 2922
8400 2892 2893 2922 2921
8430 2891 2892 2921 2920
8460 2890 2891 2920 2919
8490 2889 2890 2919 2918
8520 2888 2889 2918 2917
8550 2887 2888 2917 2916
8580 2886 2887 2916 2915
8610 2885 2886 2915 2914
8640 2884 2885 2914 2913
8670 2883 2884 2913 2912
8700 2882 2883 2912 2911
8730 2881 2882 2911 2910
8760 2880 2881 2910 2909
8790 2879 2880 2909 2908
8820 2878 2879 2908 2907
8850 2877 2878 2907 2906
8880 2876 2877 2906 2905
8910 2875 2876 2905 2904
8940 2874 2875 2904 2903
8970 2873 2874 2903 2902
9000 1702 2873 2902 1701
9030 2872 1652 1653 2901
9060 2871 2872 2901 2900
9090 2870 2871 2900 2899
9120 2869 2870 2899 2898
9150 2868 2869 2898 2897
9180 2867 2868 2897 2896
9210 2866 2867 2896 2895
9240 2865 2866 2895 2894
9270 2864 2865 2894 2893
9300 2863 2864 2893 2892
9330 2862 2863 2892 2891
9360 2861 2862 2891 2890
9390 2860 2861 2890 2889
9420 2859 2860 2889 2888
9450 2858 2859 2888 2887
9480 2857 2858 2887 2886
9510 2856 2857 2886 2885
9540 2855 2856 2885 2884
9570 2854 2855 2884 2883
9600 2853 2854 2883 2882
9630 2852 2853 2882 2881
9660 2851 2852 2881 2880
9690 2850 2851 2880 2879
9720 2849 2850 2879 2878
9750 2848 2849 2878 2877
9780 2847 2848 2877 2876
9810 2846 2847 2876 2875
9840 2845 2846 2875 2874
9870 2844 2845 2874 2873
9900 1703 2844 2873 1702
9930 2843 1651 1652 2872
9960 2842 2843 2872 2871
9990 2841 2842 2871 2870
10020 2840 2841 2870 2869
10050 2839 2840 2869 2868
10080 2838 2839 2868 2867
10110 2837 2838 2867 2866
10140 2836 2837 2866 2865
10170 2835 2836 2865 2864
10200 2834 2835 2864 2863
10230 2833 2834 2863 2862
10260 2832 2833 2862 2861
10290 2831 2832 2861 2860
10320 2830 2831 2860 2859
10350 2829 2830 2859 2858
10380 2828 2829 2858 2857
10410 2827 2828 2857 2856
10440 2826 2827 2856 2855
10470 2825 2826 2855 2854
10500 2824 2825 2854 2853
10530 2823 2824 2853 2852
10560 2822 2823 2852 2851
10590 2821 2822 2851 2850
10620 2820 2821 2850 2849
10650 2819 2820 2849 2848
10680 2818 2819 2848 2847
10710 2817 2818 2847 2846
10740 2816 2817 2846 2845
10770 2815 2816 2845 2844
10800 1704 2815 2844 1703
10830 2814 1650 1651 2843
10860 2813 2814 2843 2842
10890 2812 2813 2842 2841
10920 2811 2812 2841 2840
10950 2810 2811 2840 2839
10980 2809 2810 2839 2838
11010 2808 2809 2838 2837
11040 2807 2808 2837 2836
11070 2806 2807 2836 2835
11100 2805 2806 2835 2834
11130 2804 2805 2834 2833
11160 2803 2804 2833 2832
11190 2802 2803 2832 2831
11220 2801 2802 2831 2830
11250 2800 2801 2830 2829
11280 2799 2800 2829 2828
11310 2798 2799 2828 2827
11340 2797 2798 2827 2826
11370 2796 2797 2826 2825
11400 2795 2796 2825 2824
11430 2794 2795 2824 2823
11460 2793 2794 2823 2822
11490 2792 2793 2822 2821
11520 2791 2792 2821 2820
11550 2790 2791 2820 2819
11580 2789 2790 2819 2818
11610 2788 2789 2818 2817
11640 2787 2788 2817 2816
11670 2786 2787 2816 2815
11700 1705 2786 2815 1704
11730 2785 1649 1650 2814
11760 2784 2785 2814 2813
11790 2783 2784 2813 2812
11820 2782 2783 2812 2811
11850 2781 2782 2811 2810
11880 2780 2781 2810 2809
11910 2779 2780 2809 2808
11940 2778 2779 2808 2807
11970 2777 2778 2807 2806
12000 2776 2777 2806 2805
12030 2775 2776 2805 2804
12060 2774 2775 2804 2803
12090 2773 2774 2803 2802
12120 2772 2773 2802 2801
12150 2771 2772 2801 2800
12180 2770 2771 2800 2799
12210 2769 2770 2799 2798
12240 2768 2769 2798 2797
12270 2767 2768 2797 2796
12300 2766 2767 2796 2795
12330 2765 2766 2795 2794
12360 2764 2765 2794 2793
12390 2763 2764 2793 2792
12420 2762 2763 2792 2791
12450 2761 2762 2791 2790
12480 2760 2761 2790 2789
12510 2759 2760 2789 2788
12540 2758 2759 2788 2787
12570 2757 2758 2787 2786
12600 1706 2757 2786 1705
12630 2756 1648 1649 2785
12660 2755 2756 2785 2784
12690 2754 2755 2784 2783
12720 2753 2754 2783 2782
12750 2752 2753 2782 2781
12780 2751 2752 2781 2780
12810 2750 2751 2780 2779
12840 2749 2750 2779 2778
12870 2748 2749 2778 2777
12900 2747 2748 2777 2776
12930 2746 2747 2776 2775
12960 2745 2746 2775 2774
12990 2744 2745 2774 2773
13020 2743 2744 2773 2772
13050 2742 2743 2772 2771
13080 2741 2742 2771 2770
13110 2740 2741 2770 2769
13140 2739 2740 2769 2768
13170 2738 2739 2768 2767
13200 2737 2738 2767 2766
13230 2736 2737 2766 2765
13260 2735 2736 2765 2764
13290 2734 2735 2764 2763
13320 2733 2734 2763 2762
13350 2732 2733 2762 2761
13380 2731 2732 2761 2760
13410 2730 2731 2760 2759
13440 2729 2730 2759 2758
13470 2728 2729 2758 2757
13500 1707 2728 2757 1706
13530 2727 1647 1648 2756
13560 2726 2727 2756 2755
13590 2725 2726 2755 2754
13620 2724 2725 2754 2753
13650 2723 2724 2753 2752
13680 2722 2723 2752 2751
13710 2721 2722 2751 2750
13740 2720 2721 2750 2749
13770 2719 2720 2749 2748
13800 2718 2719 2748 2747
13830 2717 2718 2747 2746
13860 2716 2717 2746 2745
13890 2715 2716 2745 2744
13920 2714 2715 2744 2743
13950 2713 2714 2743 2742
13980 2712 2713 2742 2741
14010 2711 2712 2741 2740
14040 2710 2711 2740 2739
14070 2709 2710 2739 2738
14100 2708 2709 2738 2737
14130 2707 2708 2737 2736
14160 2706 2707 2736 2735
14190 2705 2706 2735 2734
14220 2704 2705 2734 2733
14250 2703 2704 2733 2732
14280 2702 2703 2732 2731
14310 2701 2702 2731 2730
14340 2700 2701 2730 2729
14370 2699 2700 2729 2728
14400 1708 2699 2728 1707
14430 2698 1646 1647 2727
14460 2697 2698 2727 2726
14490 2696 2697 2726 2725
14520 2695 2696 2725 2724
14550 2694 2695 2724 2723
14580 2693 2694 2723 2722
14610 2692 2693 2722 2721
14640 2691 2692 2721 2720
14670 2690 2691 2720 2719
14700 2689 2690 2719 2718
14730 2688 2689 2718 2717
14760 2687 2688 2717 2716
14790 2686 2687 2716 2715
14820 2685 2686 2715 2714
14850 2684 2685 2714 2713
14880 2683 2684 2713 2712
14910 2682 2683 2712 2711
14940 2681 2682 2711 2710
14970 2680 2681 2710 2709
15000 2679 2680 2709 2708
15030 2678 2679 2708 2707
15060 2677 2678 2707 2706
15090 2676 2677 2706 2705
15120 2675 2676 2705 2704
15150 2674 2675 2704 2703
15180 2673 2674 2703 2702
15210 2672 2673 2702 2701
15240 2671 2672 2701 2700
15270 2670 2671 2700 2699
15300 1709 2670 2699 1708
15330 2669 1645 1646 2698
15360 2668 2669 2698 2697
15390 2667 2668 2697 2696
15420 2666 2667 2696 2695
15450 2665 2666 2695 2694
15480 2664 2665 2694 2693
15510 2663 2664 2693 2692
15540 2662 2663 2692 2691
15570 2661 2662 2691 2690
15600 2660 2661 2690 2689
15630 2659 2660 2689 2688
15660 2658 2659 2688 2687
15690 2657 2658 2687 2686
15720 2656 2657 2686 2685
15750 2655 2656 2685 2684
15780 2654 2655 2684 2683
15810 2653 2654 2683 2682
15840 2652 2653 2682 2681
15870 2651 2652 2681 2680
15900 2650 2651 2680 2679
15930 2649 2650 2679 2678
15960 2648 2649 2678 2677
15990 2647 2648 2677 2676
16020 2646 2647 2676 2675
16050 2645 2646 2675 2674
16080 2644 2645 2674 2673
16110 2643 2644 2673 2672
16140 2642 2643 2672 2671
16170 2641 2642 2671 2670
16200 1710 2641 2670 1709
16230 2640 1644 1645 2669
16260 2639 2640 2669 2668
16290 2638 2639 2668 2667
16320 2637 2638 2667 2666
16350 2636 2637 2666 2665
16380 2635 2636 2665 2664
16410 2634 2635 2664 2663
16440 2633 2634 2663 2662
16470 2632 2633 2662 2661
16500 2631 2632 2661 2660
16530 2630 2631 2660 2659
16560 2629 2630 2659 2658
16590 2628 2629 2658 2657
16620 2627 2628 2657 2656
16650 2626 2627 2656 2655
16680 2625 2626 2655 2654
16710 2624 2625 2654 2653
16740 2623 2624 2653 2652
16770 2622 2623 2652 2651
16800 2621 2622 2651 2650
16830 2620 2621 2650 2649
16860 2619 2620 2649 2648
16890 2618 2619 2648 2647
16920 2617 2618 2647 2646
16950 2616 2617 2646 2645
16980 2615 2616 2645 2644
17010 2614 2615 2644 2643
17040 2613 2614 2643 2642
17070 2612 2613 2642 2641
17100 1711 2612 2641 1710
17130 2611 1643 1644 2640
17160 2610 2611 2640 2639
17190 2609 2610 2639 2638
17220 2608 2609 2638 2637
17250 2607 2608 2637 2636
17280 2606 2607 2636 2635
17310 2605 2606 2635 2634
17340 2604 2605 2634 2633
17370 2603 2604 2633 2632
17400 2602 2603 2632 2631
17430 2601 2602 2631 2630
17460 2600 2601 2630 2629
17490 2599 2600 2629 2628
17520 2598 2599 2628 2627
17550 2597 2598 2627 2626
17580 2596 2597 2626 2625
17610 2595 2596 2625 2624
17640 2594 2595 2624 2623
17670 2593 2594 2623 2622
17700 2592 2593 2622 2621
17730 2591 2592 2621 2620
17760 2590 2591 2620 2619
17790 2589 2590 2619 2618
17820 2588 2589 2618 2617
17850 2587 2588 2617 2616
17880 2586 2587 2616 2615
17910 2585 2586 2615 2614
17940 2584 2585 2614 2613
17970 2583 2584 2613 2612
18000 1712 2583 2612 1711
18030 2582 1642 1643 2611
18060 2581 2582 2611 2610
18090 2580 2581 2610 2609
18120 2579 2580 2609 2608
18150 2578 2579 2608 2607
18180 2577 2578 2607 2606
18210 2576 2577 2606 2605
18240 2575 2576 2605 2604
18270 2574 2575 2604 2603
18300 2573 2574 2603 2602
18330 2572 2573 2602 2601
18360 2571 2572 2601 2600
18390 2570 2571 2600 2599
18420 2569 2570 2599 2598
18450 2568 2569 2598 2597
18480 2567 2568 2597 2596
18510 2566 2567 2596 2595
18540 2565 2566 2595 2594
18570 2564 2565 2594 2593
18600 2563 2564 2593 2592
18630 2562 2563 2592 2591
18660 2561 2562 2591 2590
18690 2560 2561 2590 2589
18720 2559 2560 2589 2588
18750 2558 2559 2588 2587
18780 2557 2558 2587 2586
18810 2556 2557 2586 2585
18840 2555 2556 2585 2584
18870 2554 2555 2584 2583
18900 1713 2554 2583 1712
18930 2553 1641 1642 2582
18960 2552 2553 2582 2581
18990 2551 2552 2581 2580
19020 2550 2551 2580 2579
19050 2549 2550 2579 2578
19080 2548 2549 2578 2577
19110 2547 2548 2577 2576
19140 2546 2547 2576 2575
19170 2545 2546 2575 2574
19200 2544 2545 2574 2573
19230 2543 2544 2573 2572
19260 2542 2543 2572 2571
19290 2541 2542 2571 2570
19320 2540 2541 2570 2569
19350 2539 2540 2569 2568
19380 2538 2539 2568 2567
19410 2537 2538 2567 2566
19440 2536 2537 2566 2565
19470 2535 2536 2565 2564
19500 2534 2535 2564 2563
19530 2533 2534 2563 2562
19560 2532 2533 2562 2561
19590 2531 2532 2561 2560
19620 2530 2531 2560 2559
19650 2529 2530 2559 2558
19680 2528 2529 2558 2557
19710 2527 2528 2557 2556
19740 2526 2527 2556 2555
19770 2525 2526 2555 2554
19800 1714 2525 2554 1713
19830 2524 1640 1641 2553
19860 2523 2524 2553 2552
19890 2522 2523 2552 2551
19920 2521 2522 2551 2550
19950 2520 2521 2550 2549
19980 2519 2520 2549 2548
20010 2518 2519 2548 2547
20040 2517 2518 2547 2546
20070 2516 2517 2546 2545
20100 2515 2516 2545 2544
20130 2514 2515 2544 2543
20160 2513 2514 2543 2542
20190 2512 2513 2542 2541
20220 2511 2512 2541 2540
20250 2510 2511 2540 2539
20280 2509 2510 2539 2538
20310 2508 2509 2538 2537
20340 2507 2508 2537 2536
20370 2506 2507 2536 2535
20400 2505 2506 2535 2534
20430 2504 2505 2534 2533
20460 2503 2504 2533 2532
20490 2502 2503 2532 2531
20520 2501 2502 2531 2530
20550 2500 2501 2530 2529
20580 2499 2500 2529 2528
20610 2498 2499 2528 2527
20640 2497 2498 2527 2526
20670 2496 2497 2526 2525
20700 1715 2496 2525 1714
20730 2495 1639 1640 2524
20760 2494 2495 2524 2523
20790 2493 2494 2523 2522
20820 2492 2493 2522 2521
20850 2491 2492 2521 2520
20880 2490 2491 2520 2519
20910 2489 2490 2519 2518
20940 2488 2489 2518 2517
20970 2487 2488 2517 2516
21000 2486 2487 2516 2515
21030 2485 2486 2515 2514
21060 2484 2485 2514 2513
21090 2483 2484 2513 2512
21120 2482 2483 2512 2511
21150 2481 2482 2511 2510
21180 2480 2481 2510 2509
21210 2479 2480 2509 2508
21240 2478 2479 2508 2507
21270 2477 2478 2507 2506
21300 2476 2477 2506 2505
21330 2475 2476 2505 2504
21360 2474 2475 2504 2503
21390 2473 2474 2503 2502
21420 2472 2473 2502 2501
21450 2471 2472 2501 2500
21480 2470 2471 2500 2499
21510 2469 2470 2499 2498
21540 2468 2469 2498 2497
21570 2467 2468 2497 2496
21600 1716 2467 2496 1715
21630 2466 1638 1639 2495
21660 2465 2466 2495 2494
21690 2464 2465 2494 2493
21720 2463 2464 2493 2492
21750 2462 2463 2492 2491
21780 2461 2462 2491 2490
21810 2460 2461 2490 2489
21840 2459 2460 2489 2488
21870 2458 2459 2488 2487
21900 2457 2458 2487 2486
21930 2456 2457 2486 2485
21960 2455 2456 2485 2484
21990 2454 2455 2484 2483
22020 2453 2454 2483 2482
22050 2452 2453 2482 2481
22080 2451 2452 2481 2480
22110 2450 2451 2480 2479
22140 2449 2450 2479 2478
22170 2448 2449 2478 2477
22200 2447 2448 2477 2476
22230 2446 2447 2476 2475
22260 2445 2446 2475 2474
22290 2444 2445 2474 2473
22320 2443 2444 2473 2472
22350 2442 2443 2472 2471
22380 2441 2442 2471 2470
22410 2440 2441 2470 2469
22440 2439 2440 2469 2468
22470 2438 2439 2468 2467
22500 1717 2438 2467 1716
22530 2437 1637 1638 2466
22560 2436 2437 2466 2465
22590 2435 2436 2465 2464
22620 2434 2435 2464 2463
22650 2433 2434 2463 2462
22680 2432 2433 2462 2461
22710 2431 2432 2461 2460
22740 2430 2431 2460 2459
22770 2429 2430 2459 2458
22800 2428 2429 2458 2457
22830 2427 2428 2457 2456
22860 2426 2427 2456 2455
22890 2425 2426 2455 2454
22920 2424 2425 2454 2453
22950 2423 2424 2453 2452
22980 2422 2423 2452 2451
23010 2421 2422 2451 2450
23040 2420 2421 2450 2449
23070 2419 2420 2449 2448
23100 2418 2419 2448 2447
23130 2417 2418 2447 2446
23160 2416 2417 2446 2445
23190 2415 2416 2445 2444
23220 2414 2415 2444 2443
23250 2413 2414 2443 2442
23280 2412 2413 2442 2441
23310 2411 2412 2441 2440
23340 2410 2411 2440 2439
23370 2409 2410 2439 2438
23400 1718 2409 2438 1717
23430 2408 1636 1637 2437
23460 2407 2408 2437 2436
23490 2406 2407 2436 2435
23520 2405 2406 2435 2434
23550 2404 2405 2434 2433
23580 2403 2404 2433 2432
23610 2402 2403 2432 2431
23640 2401 2402 2431 2430
23670 2400 2401 2430 2429
23700 2399 2400 2429 2428
23730 2398 2399 2428 2427
23760 2397 2398 2427 2426
23790 2396 2397 2426 2425
23820 2395 2396 2425 2424
23850 2394 2395 2424 2423
23880 2393 2394 2423 2422
23910 2392 2393 2422 2421
23940 2391 2392 2421 2420
23970 2390 2391 2420 2419
24000 2389 2390 2419 2418
24030 2388 2389 2418 2417
24060 2387 2388 2417 2416
24090 2386 2387 2416 2415
24120 2385 2386 2415 2414
24150 2384 2385 2414 2413
24180 2383 2384 2413 2412
24210 2382 2383 2412 2411
24240 2381 2382 2411 2410
24270 2380 2381 2410 2409
24300 1719 2380 2409 1718
24330 2379 1635 1636 2408
24360 2378 2379 2408 2407
24390 2377 2378 2407 2406
24420 2376 2377 2406 2405
24450 2375 2376 2405 2404
24480 2374 2375 2404 2403
24510 2373 2374 2403 2402
24540 2372 2373 2402 2401
24570 2371 2372 2401 2400
24600 2370 2371 2400 2399
24630 2369 2370 2399 2398
24660 2368 2369 2398 2397
24690 2367 2368 2397 2396
24720 2366 2367 2396 2395
24750 2365 2366 2395 2394
24780 2364 2365 2394 2393
24810 2363 2364 2393 2392
24840 2362 2363 2392 2391
24870 2361 2362 2391 2390
24900 2360 2361 2390 2389
24930 2359 2360 2389 2388
24960 2358 2359 2388 2387
24990 2357 2358 2387 2386
25020 2356 2357 2386 2385
25050 2355 2356 2385 2384
25080 2354 2355 2384 2383
25110 2353 2354 2383 2382
25140 2352 2353 2382 2381
25170 2351 2352 2381 2380
25200 1720 2351 2380 1719
25230 2350 1634 1635 2379
25260 2349 2350 2379 2378
25290 2348 2349 2378 2377
25320 2347 2348 2377 2376
25350 2346 2347 2376 2375
25380 2345 2346 2375 2374
25410 2344 2345 2374 2373
25440 2343 2344 2373 2372
25470 2342 2343 2372 2371
25500 2341 2342 2371 2370
25530 2340 2341 2370 2369
25560 2339 2340 2369 2368
25590 2338 2339 2368 2367
25620 2337 2338 2367 2366
25650 2336 2337 2366 2365
25680 2335 2336 2365 2364
25710 2334 2335 2364 2363
25740 2333 2334 2363 2362
25770 2332 2333 2362 2361
25800 2331 2332 2361 2360
25830 2330 2331 2360 2359
25860 2329 2330 2359 2358
25890 2328 2329 2358 2357
25920 2327 2328 2357 2356
25950 2326 2327 2356 2355
25980 2325 2326 2355 2354
26010 2324 2325 2354 2353
26040 2323 2324 2353 2352
26070 2322 2323 2352 2351
26100 1721 2322 2351 1720
26130 2321 1633 1634 2350
26160 2320 2321 2350 2349
26190 2319 2320 2349 2348
26220 2318 2319 2348 2347
26250 2317 2318 2347 2346
26280 2316 2317 2346 2345
26310 2315 2316 2345 2344
26340 2314 2315 2344 2343
26370 2313 2314 2343 2342
26400 2312 2313 2342 2341
26430 2311 2312 2341 2340
26460 2310 2311 2340 2339
26490 2309 2310 2339 2338
26520 2308 2309 2338 2337
26550 2307 2308 2337 2336
26580 2306 2307 2336 2335
26610 2305 2306 2335 2334
26640 2304 2305 2334 2333
26670 2303 2304 2333 2332
26700 2302 2303 2332 2331
26730 2301 2302 2331 2330
26760 2300 2301 2330 2329
26790 2299 2300 2329 2328
26820 2298 2299 2328 2327
26850 2297 2298 2327 2326
26880 2296 2297 2326 2325
26910 2295 2296 2325 2324
26940 2294 2295 2324 2323
26970 2293 2294 2323 2322
27000 1722 2293 2322 1721
27030 2292 1632 1633 2321
27060 2291 2292 2321 2320
27090 2290 2291 2320 2319
27120 2289 2290 2319 2318
27150 2288 2289 2318 2317
27180 2287 2288 2317 2316
27210 2286 2287 2316 2315
27240 2285 2286 2315 2314
27270 2284 2285 2314 2313
27300 2283 2284 2313 2312
27330 2282 2283 2312 2311
27360 2281 2282 2311 2310
27390 2280 2281 2310 2309
27420 2279 2280 2309 2308
27450 2278 2279 2308 2307
27480 2277 2278 2307 2306
27510 2276 2277 2306 2305
27540 2275 2276 2305 2304
27570 2274 2275 2304 2303
27600 2273 2274 2303 2302
27630 2272 2273 2302 2301
27660 2271 2272 2301 2300
27690 2270 2271 2300 2299
27720 2269 2270 2299 2298
27750 2268 2269 2298 2297
27780 2267 2268 2297 2296
27810 2266 2267 2296 2295
27840 2265 2266 2295 2294
27870 2264 2265 2294 2293
27900 1723 2264 2293 1722
27930 2263 1631 1632 2292
27960 2262 2263 2292 2291
27990 2261 2262 2291 2290
28020 2260 2261 2290 2289
28050 2259 2260 2289 2288
28080 2258 2259 2288 2287
28110 2257 2258 2287 2286
28140 2256 2257 2286 2285
28170 2255 2256 2285 2284
28200 2254 2255 2284 2283
28230 2253 2254 2283 2282
28260 2252 2253 2282 2281
28290 2251 2252 2281 2280
28320 2250 2251 2280 2279
28350 2249 2250 2279 2278
28380 2248 2249 2278 2277
28410 2247 2248 2277 2276
28440 2246 2247 2276 2275
28470 2245 2246 2275 2274
28500 2244 2245 2274 2273
28530 2243 2244 2273 2272
28560 2242 2243 2272 2271
28590 2241 2242 2271 2270
28620 2240 2241 2270 2269
28650 2239 2240 2269 2268
28680 2238 2239 2268 2267
28710 2237 2238 2267 2266
28740 2236 2237 2266 2265
28770 2235 2236 2265 2264
28800 1724 2235 2264 1723
28830 2234 1630 1631 2263
28860 2233 2234 2263 2262
28890 2232 2233 2262 2261
28920 2231 2232 2261 2260
28950 2230 2231 2260 2259
28980 2229 2230 2259 2258
29010 2228 2229 2258 2257
29040 2227 2228 2257 2256
29070 2226 2227 2256 2255
29100 2225 2226 2255 2254
29130 2224 2225 2254 2253
29160 2223 2224 2253 2252
29190 2222 2223 2252 2251
29220 2221 2222 2251 2250
29250 2220 2221 2250 2249
29280 2219 2220 2249 2248
29310 2218 2219 2248 2247
29340 2217 2218 2247 2246
29370 2216 2217 2246 2245
29400 2215 2216 2245 2244
29430 2214 2215 2244 2243
29460 2213 2214 2243 2242
29490 2212 2213 2242 2241
29520 2211 2212 2241 2240
29550 2210 2211 2240 2239
29580 2209 2210 2239 2238
29610 2208 2209 2238 2237
29640 2207 2208 2237 2236
29670 2206 2207 2236 2235
29700 1725 2206 2235 1724
29730 2205 1629 1630 2234
29760 2204 2205 2234 2233
29790 2203 2204 2233 2232
29820 2202 2203 2232 2231
29850 2201 2202 2231 2230
29880 2200 2201 2230 2229
29910 2199 2200 2229 2228
29940 2198 2199 2228 2227
29970 2197 2198 2227 2226
30000 2196 2197 2226 2225
30030 2195 2196 2225 2224
30060 2194 2195 2224 2223
30090 2193 2194 2223 2222
30120 2192 2193 2222 2221
30150 2191 2192 2221 2220
30180 2190 2191 2220 2219
30210 2189 2190 2219 2218
30240 2188 2189 2218 2217
30270 2187 2188 2217 2216
30300 2186 2187 2216 2215
30330 2185 2186 2215 2214
30360 2184 2185 2214 2213
30390 2183 2184 2213 2212
30420 2182 2183 2212 2211
30450 2181 2182 2211 2210
30480 2180 2181 2210 2209
30510 2179 2180 2209 2208
30540 2178 2179 2208 2207
30570 2177 2178 2207 2206
30600 1726 2177 2206 1725
30630 2176 1628 1629 2205
30660 2175 2176 2205 2204
30690 2174 2175 2204 2203
30720 2173 2174 2203 2202
30750 2172 2173 2202 2201
30780 2171 2172 2201 2200
30810 2170 2171 2200 2199
30840 2169 2170 2199 2198
30870 2168 2169 2198 2197
30900 2167 2168 2197 2196
30930 2166 2167 2196 2195
30960 2165 2166 2195 2194
30990 2164 2165 2194 2193
31020 2163 2164 2193 2192
31050 2162 2163 2192 2191
31080 2161 2162 2191 2190
31110 2160 2161 2190 2189
31140 2159 2160 2189 2188
31170 2158 2159 2188 2187
31200 2157 2158 2187 2186
31230 2156 2157 2186 2185
31260 2155 2156 2185 2184
31290 2154 2155 2184 2183
31320 2153 2154 2183 2182
31350 2152 2153 2182 2181
31380 2151 2152 2181 2180
31410 2150 2151 2180 2179
31440 2149 2150 2179 2178
31470 2148 2149 2178 2177
31500 1727 2148 2177 1726
31530 2147 1627 1628 2176
31560 2146 2147 2176 2175
31590 2145 2146 2175 2174
31620 2144 2145 2174 2173
31650 2143 2144 2173 2172
31680 2142 2143 2172 2171
31710 2141 2142 2171 2170
31740 2140 2141 2170 2169
31770 2139 2140 2169 2168
31800 2138 2139 2168 2167
31830 2137 2138 2167 2166
31860 2136 2137 2166 2165
31890 2135 2136 2165 2164
31920 2134 2135 2164 2163
31950 2133 2134 2163 2162
31980 2132 2133 2162 2161
32010 2131 2132 2161 2160
32040 2130 2131 2160 2159
32070 2129 2130 2159 2158
32100 2128 2129 2158 2157
32130 2127 2128 2157 2156
32160 2126 2127 2156 2155
32190 2125 2126 2155 2154
32220 2124 2125 2154 2153
32250 2123 2124 2153 2152
32280 2122 2123 2152 2151
32310 2121 2122 2151 2150
32340 2120 2121 2150 2149
32370 2119 2120 2149 2148
32400 1728 2119 2148 1727
32430 2118 1626 1627 2147
32460 2117 2118 2147 2146
32490 2116 2117 2146 2145
32520 2115 2116 2145 2144
32550 2114 2115 2144 2143
32580 2113 2114 2143 2142
32610 2112 2113 2142 2141
32640 2111 2112 2141 2140
32670 2110 2111 2140 2139
32700 2109 2110 2139 2138
32730 2108 2109 2138 2137
32760 2107 2108 2137 2136
32790 2106 2107 2136 2135
32820 2105 2106 2135 2134
32850 2104 2105 2134 2133
32880 2103 2104 2133 2132
32910 2102 2103 2132 2131
32940 2101 2102 2131 2130
32970 2100 2101 2130 2129
33000 2099 2100 2129 2128
33030 2098 2099 2128 2127
33060 2097 2098 2127 2126
33090 2096 2097 2126 2125
33120 2095 2096 2125 2124
33150 2094 2095 2124 2123
33180 2093 2094 2123 2122
33210 2092 2093 2122 2121
33240 2091 2092 2121 2120
33270 2090 2091 2120 2119
33300 1729 2090 2119 1728
33330 2089 1625 1626 2118
33360 2088 2089 2118 2117
33390 2087 2088 2117 2116
33420 2086 2087 2116 2115
33450 2085 2086 2115 2114
33480 2084 2085 2114 2113
33510 2083 2084 2113 2112
33540 2082 2083 2112 2111
33570 2081 2082 2111 2110
33600 2080 2081 2110 2109
33630 2079 2080 2109 2108
33660 2078 2079 2108 2107
33690 2077 2078 2107 2106
33720 2076 2077 2106 2105
33750 2075 2076 2105 2104
33780 2074 2075 2104 2103
33810 2073 2074 2103 2102
33840 2072 2073 2102 2101
33870 2071 2072 2101 2100
33900 2070 2071 2100 2099
33930 2069 2070 2099 2098
33960 2068 2069 2098 2097
33990 2067 2068 2097 2096
34020 2066 2067 2096 2095
34050 2065 2066 2095 2094
34080 2064 2065 2094 2093
34110 2063 2064 2093 2092
34140 2062 2063 2092 2091
34170 2061 2062 2091 2090
34200 1730 2061 2090 1729
34230 2060 1624 1625 2089
34260 2059 2060 2089 2088
34290 2058 2059 2088 2087
34320 2057 2058 2087 2086
34350 2056 2057 2086 2085
34380 2055 2056 2085 2084
34410 2054 2055 2084 2083
34440 2053 2054 2083 2082
34470 2052 2053 2082 2081
34500 2051 2052 2081 2080
34530 2050 2051 2080 2079
34560 2049 2050 2079 2078
34590 2048 2049 2078 2077
34620 2047 2048 2077 2076
34650 2046 2047 2076 2075
34680 2045 2046 2075 2074
34710 2044 2045 2074 2073
34740 2043 2044 2073 2072
34770 2042 2043 2072 2071
34800 2041 2042 2071 2070
34830 2040 2041 2070 2069
34860 2039 2040 2069 2068
34890 2038 2039 2068 2067
34920 2037 2038 2067 2066
34950 2036 2037 2066 2065
34980 2035 2036 2065 2064
35010 2034 2035 2064 2063
35040 2033 2034 2063 2062
35070 2032 2033 2062 2061
35100 1731 2032 2061 1730
35130 2031 1623 1624 2060
35160 2030 2031 2060 2059
35190 2029 2030 2059 2058
35220 2028 2029 2058 2057
35250 2027 2028 2057 2056
35280 2026 2027 2056 2055
35310 2025 2026 2055 2054
35340 2024 2025 2054 2053
35370 2023 2024 2053 2052
35400 2022 2023 2052 2051
35430 2021 2022 2051 2050
35460 2020 2021 2050 2049
35490 2019 2020 2049 2048
35520 2018 2019 2048 2047
35550 2017 2018 2047 2046
35580 2016 2017 2046 2045
35610 2015 2016 2045 2044
35640 2014 2015 2044 2043
35670 2013 2014 2043 2042
35700 2012 2013 2042 2041
35730 2011 2012 2041 2040
35760 2010 2011 2040 2039
35790 2009 2010 2039 2038
35820 2008 2009 2038 2037
35850 2007 2008 2037 2036
35880 2006 2007 2036 2035
35910 2005 2006 2035 2034
35940 2004 2005 2034 2033
35970 2003 2004 2033 2032
36000 1732 2003 2032 1731
36030 2002 1622 1623 2031
36060 2001 2002 2031 2030
36090 2000 2001 2030 2029
36120 1999 2000 2029 2028
36150 1998 1999 2028 2027
36180 1997 1998 2027 2026
36210 1996 1997 2026 2025
36240 1995 1996 2025 2024
36270 1994 1995 2024 2023
36300 1993 1994 2023 2022
36330 1992 1993 2022 2021
36360 1991 1992 2021 2020
36390 1990 1991 2020 2019
36420 1989 1990 2019 2018
36450 1988 1989 2018 2017
36480 1987 1988 2017 2016
36510 1986 1987 2016 2015
36540 1985 1986 2015 2014
36570 1984 1985 2014 2013
36600 1983 1984 2013 2012
36630 1982 1983 2012 2011
36660 1981 1982 2011 2010
36690 1980 1981 2010 2009
36720 1979 1980 2009 2008
36750 1978 1979 2008 2007
36780 1977 1978 2007 2006
36810 1976 1977 2006 2005
36840 1975 1976 2005 2004
36870 1974 1975 2004 2003
36900 1733 1974 2003 1732
36930 1973 1621 1622 2002
36960 1972 1973 2002 2001
36990 1971 1972 2001 2000
37020 1970 1971 2000 1999
37050 1969 1970 1999 1998
37080 1968 1969 1998 1997
37110 1967 1968 1997 1996
37140 1966 1967 1996 1995
37170 1965 1966 1995 1994
37200 1964 1965 1994 1993
37230 1963 1964 1993 1992
37260 1962 1963 1992 1991
37290 1961 1962 1991 1990
37320 1960 1961 1990 1989
37350 1959 1960 1989 1988
37380 1958 1959 1988 1987
37410 1957 1958 1987 1986
37440 1956 1957 1986 1985
37470 1955 1956 1985 1984
37500 1954 1955 1984 1983
37530 1953 1954 1983 1982
37560 1952 1953 1982 1981
37590 1951 1952 1981 1980
37620 1950 1951 1980 1979
37650 1949 1950 1979 1978
37680 1948 1949 1978 1977
37710 1947 1948 1977 1976
37740 1946 1947 1976 1975
37770 1945 1946 1975 1974
37800 1734 1945 1974 1733
37830 1944 1620 1621 1973
37860 1943 1944 1973 1972
37890 1942 1943 1972 1971
37920 1941 1942 1971 1970
37950 1940 1941 1970 1969
37980 1939 1940 1969 1968
38010 1938 1939 1968 1967
38040 1937 1938 1967 1966
38070 1936 1937 1966 1965
38100 1935 1936 1965 1964
38130 1934 1935 1964 1963
38160 1933 1934 1963 1962
38190 1932 1933 1962 1961
38220 1931 1932 1961 1960
38250 1930 1931 1960 1959
38280 1929 1930 1959 1958
38310 1928 1929 1958 1957
38340 1927 1928 1957 1956
38370 1926 1927 1956 1955
38400 1925 1926 1955 1954
38430 1924 1925 1954 1953
38460 1923 1924 1953 1952
38490 1922 1923 1952 1951
38520 1921 1922 1951 1950
38550 1920 1921 1950 1949
38580 1919 1920 1949 1948
38610 1918 1919 1948 1947
38640 1917 1918 1947 1946
38670 1916 1917 1946 1945
38700 1735 1916 1945 1734
38730 1915 1619 1620 1944
38760 1914 1915 1944 1943
38790 1913 1914 1943 1942
38820 1912 1913 1942 1941
38850 1911 1912 1941 1940
38880 1910 1911 1940 1939
38910 1909 1910 1939 1938
38940 1908 1909 1938 1937
38970 1907 1908 1937 1936
39000 1906 1907 1936 1935
39030 1905 1906 1935 1934
39060 1904 1905 1934 1933
39090 1903 1904 1933 1932
39120 1902 1903 1932 1931
39150 1901 1902 1931 1930
39180 1900 1901 1930 1929
39210 1899 1900 1929 1928
39240 1898 1899 1928 1927
39270 1897 1898 1927 1926
39300 1896 1897 1926 1925
39330 1895 1896 1925 1924
39360 1894 1895 1924 1923
39390 1893 1894 1923 1922
39420 1892 1893 1922 1921
39450 1891 1892 1921 1920
39480 1890 1891 1920 1919
39510 1889 1890 1919 1918
39540 1888 1889 1918 1917
39570 1887 1888 1917 1916
39600 1736 1887 1916 1735
39630 1886 1618 1619 1915
39660 1885 1886 1915 1914
39690 1884 1885 1914 1913
39720 1883 1884 1913 1912
39750 1882 1883 1912 1911
39780 1881 1882 1911 1910
39810 1880 1881 1910 1909
39840 1879 1880 1909 1908
39870 1878 1879 1908 1907
39900 1877 1878 1907 1906
39930 1876 1877 1906 1905
39960 1875 1876 1905 1904
39990 1874 1875 1904 1903
40020 1873 1874 1903 1902
40050 1872 1873 1902 1901
40080 1871 1872 1901 1900
40110 1870 1871 1900 1899
40140 1869 1870 1899 1898
40170 1868 1869 1898 1897
40200 1867 1868 1897 1896
40230 1866 1867 1896 1895
40260 1865 1866 1895 1894
40290 1864 1865 1894 1893
40320 1863 1864 1893 1892
40350 1862 1863 1892 1891
40380 1861 1862 1891 1890
40410 1860 1861 1890 1889
40440 1859 1860 1889 1888
40470 1858 1859 1888 1887
40500 1737 1858 1887 1736
40530 1857 1617 1618 1886
40560 1856 1857 1886 1885
40590 1855 1856 1885 1884
40620 1854 1855 1884 1883
40650 1853 1854 1883 1882
40680 1852 1853 1882 1881
40710 1851 1852 1881 1880
40740 1850 1851 1880 1879
40770 1849 1850 1879 1878
40800 1848 1849 1878 1877
40830 1847 1848 1877 1876
40860 1846 1847 1876 1875
40890 1845 1846 1875 1874
40920 1844 1845 1874 1873
40950 1843 1844 1873 1872
40980 1842 1843 1872 1871
41010 1841 1842 1871 1870
41040 1840 1841 1870 1869
41070 1839 1840 1869 1868
41100 1838 1839 1868 1867
41130 1837 1838 1867 1866
41160 1836 1837 1866 1865
41190 1835 1836 1865 1864
41220 1834 1835 1864 1863
41250 1833 1834 1863 1862
41280 1832 1833 1862 1861
41310 1831 1832 1861 1860
41340 1830 1831 1860 1859
41370 1829 1830 1859 1858
41400 1738 1829 1858 1737
41430 1828 1616 1617 1857
41460 1827 1828 1857 1856
41490 1826 1827 1856 1855
41520 1825 1826 1855 1854
41550 1824 1825 1854 1853
41580 1823 1824 1853 1852
41610 1822 1823 1852 1851
41640 1821 1822 1851 1850
41670 1820 1821 1850 1849
41700 1819 1820 1849 1848
41730 1818 1819 1848 1847
41760 1817 1818 1847 1846
41790 1816 1817 1846 1845
41820 1815 1816 1845 1844
41850 1814 1815 1844 1843
41880 1813 1814 1843 1842
41910 1812 1813 1842 1841
41940 1811 1812 1841 1840
41970 1810 1811 1840 1839
42000 1809 1810 1839 1838
42030 1808 1809 1838 1837
42060 1807 1808 1837 1836
42090 1806 1807 1836 1835
42120 1805 1806 1835 1834
42150 1804 1805 1834 1833
42180 1803 1804 1833 1832
42210 1802 1803 1832 1831
42240 1801 1802 1831 1830
42270 1800 1801 1830 1829
42300 1739 1800 1829 1738
42330 1799 1615 1616 1828
42360 1798 1799 1828 1827
42390 1797 1798 1827 1826
42420 1796 1797 1826 1825
42450 1795 1796 1825 1824
42480 1794 1795 1824 1823
42510 1793 1794 1823 1822
42540 1792 1793 1822 1821
42570 1791 1792 1821 1820
42600 1790 1791 1820 1819
42630 1789 1790 1819 1818
42660 1788 1789 1818 1817
42690 1787 1788 1817 1816
42720 1786 1787 1816 1815
42750 1785 1786 1815 1814
42780 1784 1785 1814 1813
42810 1783 1784 1813 1812
42840 1782 1783 1812 1811
42870 1781 1782 1811 1810
42900 1780 1781 1810 1809
42930 1779 1780 1809 1808
42960 1778 1779 1808 1807
42990 1777 1778 1807 1806
43020 1776 1777 1806 1805
43050 1775 1776 1805 1804
43080 1774 1775 1804 1803
43110 1773 1774 1803 1802
43140 1772 1773 1802 1801
43170 1771 1772 1801 1800
43200 1740 1771 1800 1739
43230 1770 1614 1615 1799
43260 1769 1770 1799 1798
43290 1768 1769 1798 1797
43320 1767 1768 1797 1796
43350 1766 1767 1796 1795
43380 1765 1766 1795 1794
43410 1764 1765 1794 1793
43440 1763 1764 1793 1792
43470 1762 1763 1792 1791
43500 1761 1762 1791 1790
43530 1760 1761 1790 1789
43560 1759 1760 1789 1788
43590 1758 1759 1788 1787
43620 1757 1758 1787 1786
43650 1756 1757 1786 1785
43680 1755 1756 1785 1784
43710 1754 1755 1784 1783
43740 1753 1754 1783 1782
43770 1752 1753 1782 1781
43800 1751 1752 1781 1780
43830 1750 1751 1780 1779
43860 1749 1750 1779 1778
43890 1748 1749 1778 1777
43920 1747 1748 1777 1776
43950 1746 1747 1776 1775
43980 1745 1746 1775 1774
44010 1744 1745 1774 1773
44040 1743 1744 1773 1772
44070 1742 1743 1772 1771
44100 1741 1742 1771 1740
44130 1612 1583 1614 1770
44160 1611 1612 1770 1769
44190 1610 1611 1769 1768
44220 1609 1610 1768 1767
44250 1608 1609 1767 1766
44280 1607 1608 1766 1765
44310 1606 1607 1765 1764
44340 1605 1606 1764 1763
44370 1604 1605 1763 1762
44400 1603 1604 1762 1761
44430 1602 1603 1761 1760
44460 1601 1602 1760 1759
44490 1600 1601 1759 1758
44520 1599 1600 1758 1757
44550 1598 1599 1757 1756
44580 1597 1598 1756 1755
44610 1596 1597 1755 1754
44640 1595 1596 1754 1753
44670 1594 1595 1753 1752
44700 1593 1594 1752 1751
44730 1592 1593 1751 1750
44760 1591 1592 1750 1749
44790 1590 1591 1749 1748
44820 1589 1590 1748 1747
44850 1588 1589 1747 1746
44880 1587 1588 1746 1745
44910 1586 1587 1745 1744
44940 1585 1586 1744 1743
44970 1584 1585 1743 1742
45000 1582 1584 1742 1741
