       900
1 111 5483 3163 82
2 5483 5484 3164 3163
3 5484 5485 3165 3164
4 5485 5486 3166 3165
5 5486 5487 3167 3166
6 5487 5488 3168 3167
7 5488 5489 3169 3168
8 5489 5490 3170 3169
9 5490 5491 3171 3170
10 5491 5492 3172 3171
11 5492 5493 3173 3172
12 5493 5494 3174 3173
13 5494 5495 3175 3174
14 5495 5496 3176 3175
15 5496 5497 3177 3176
16 5497 5498 3178 3177
17 5498 5499 3179 3178
18 5499 5500 3180 3179
19 5500 5501 3181 3180
20 5501 5502 3182 3181
21 5502 5503 3183 3182
22 5503 5504 3184 3183
23 5504 5505 3185 3184
24 5505 5506 3186 3185
25 5506 5507 3187 3186
26 5507 5508 3188 3187
27 5508 5509 3189 3188
28 5509 5510 3190 3189
29 5510 5511 3191 3190
30 5511 1664 1613 3191
31 110 5454 5483 111
32 5454 5455 5484 5483
33 5455 5456 5485 5484
34 5456 5457 5486 5485
35 5457 5458 5487 5486
36 5458 5459 5488 5487
37 5459 5460 5489 5488
38 5460 5461 5490 5489
39 5461 5462 5491 5490
40 5462 5463 5492 5491
41 5463 5464 5493 5492
42 5464 5465 5494 5493
43 5465 5466 5495 5494
44 5466 5467 5496 5495
45 5467 5468 5497 5496
46 5468 5469 5498 5497
47 5469 5470 5499 5498
48 5470 5471 5500 5499
49 5471 5472 5501 5500
50 5472 5473 5502 5501
51 5473 5474 5503 5502
52 5474 5475 5504 5503
53 5475 5476 5505 5504
54 5476 5477 5506 5505
55 5477 5478 5507 5506
56 5478 5479 5508 5507
57 5479 5480 5509 5508
58 5480 5481 5510 5509
59 5481 5482 5511 5510
60 5482 1665 1664 5511
61 109 5425 5454 110
62 5425 5426 5455 5454
63 5426 5427 5456 5455
64 5427 5428 5457 5456
65 5428 5429 5458 5457
66 5429 5430 5459 5458
67 5430 5431 5460 5459
68 5431 5432 5461 5460
69 5432 5433 5462 5461
70 5433 5434 5463 5462
71 5434 5435 5464 5463
72 5435 5436 5465 5464
73 5436 5437 5466 5465
74 5437 5438 5467 5466
75 5438 5439 5468 5467
76 5439 5440 5469 5468
77 5440 5441 5470 5469
78 5441 5442 5471 5470
79 5442 5443 5472 5471
80 5443 5444 5473 5472
81 5444 5445 5474 5473
82 5445 5446 5475 5474
83 5446 5447 5476 5475
84 5447 5448 5477 5476
85 5448 5449 5478 5477
86 5449 5450 5479 5478
87 5450 5451 5480 5479
88 5451 5452 5481 5480
89 5452 5453 5482 5481
90 5453 1666 1665 5482
91 108 5396 5425 109
92 5396 5397 5426 5425
93 5397 5398 5427 5426
94 5398 5399 5428 5427
95 5399 5400 5429 5428
96 5400 5401 5430 5429
97 5401 5402 5431 5430
98 5402 5403 5432 5431
99 5403 5404 5433 5432
100 5404 5405 5434 5433
101 5405 5406 5435 5434
102 5406 5407 5436 5435
103 5407 5408 5437 5436
104 5408 5409 5438 5437
105 5409 5410 5439 5438
106 5410 5411 5440 5439
107 5411 5412 5441 5440
108 5412 5413 5442 5441
109 5413 5414 5443 5442
110 5414 5415 5444 5443
111 5415 5416 5445 5444
112 5416 5417 5446 5445
113 5417 5418 5447 5446
114 5418 5419 5448 5447
115 5419 5420 5449 5448
116 5420 5421 5450 5449
117 5421 5422 5451 5450
118 5422 5423 5452 5451
119 5423 5424 5453 5452
120 5424 1667 1666 5453
121 107 5367 5396 108
122 5367 5368 5397 5396
123 5368 5369 5398 5397
124 5369 5370 5399 5398
125 5370 5371 5400 5399
126 5371 5372 5401 5400
127 5372 5373 5402 5401
128 5373 5374 5403 5402
129 5374 5375 5404 5403
130 5375 5376 5405 5404
131 5376 5377 5406 5405
132 5377 5378 5407 5406
133 5378 5379 5408 5407
134 5379 5380 5409 5408
135 5380 5381 5410 5409
136 5381 5382 5411 5410
137 5382 5383 5412 5411
138 5383 5384 5413 5412
139 5384 5385 5414 5413
140 5385 5386 5415 5414
141 5386 5387 5416 5415
142 5387 5388 5417 5416
143 5388 5389 5418 5417
144 5389 5390 5419 5418
145 5390 5391 5420 5419
146 5391 5392 5421 5420
147 5392 5393 5422 5421
148 5393 5394 5423 5422
149 5394 5395 5424 5423
150 5395 1668 1667 5424
151 106 5338 5367 107
152 5338 5339 5368 5367
153 5339 5340 5369 5368
154 5340 5341 5370 5369
155 5341 5342 5371 5370
156 5342 5343 5372 5371
157 5343 5344 5373 5372
158 5344 5345 5374 5373
159 5345 5346 5375 5374
160 5346 5347 5376 5375
161 5347 5348 5377 5376
162 5348 5349 5378 5377
163 5349 5350 5379 5378
164 5350 5351 5380 5379
165 5351 5352 5381 5380
166 5352 5353 5382 5381
167 5353 5354 5383 5382
168 5354 5355 5384 5383
169 5355 5356 5385 5384
170 5356 5357 5386 5385
171 5357 5358 5387 5386
172 5358 5359 5388 5387
173 5359 5360 5389 5388
174 5360 5361 5390 5389
175 5361 5362 5391 5390
176 5362 5363 5392 5391
177 5363 5364 5393 5392
178 5364 5365 5394 5393
179 5365 5366 5395 5394
180 5366 1669 1668 5395
181 105 5309 5338 106
182 5309 5310 5339 5338
183 5310 5311 5340 5339
184 5311 5312 5341 5340
185 5312 5313 5342 5341
186 5313 5314 5343 5342
187 5314 5315 5344 5343
188 5315 5316 5345 5344
189 5316 5317 5346 5345
190 5317 5318 5347 5346
191 5318 5319 5348 5347
192 5319 5320 5349 5348
193 5320 5321 5350 5349
194 5321 5322 5351 5350
195 5322 5323 5352 5351
196 5323 5324 5353 5352
197 5324 5325 5354 5353
198 5325 5326 5355 5354
199 5326 5327 5356 5355
200 5327 5328 5357 5356
201 5328 5329 5358 5357
202 5329 5330 5359 5358
203 5330 5331 5360 5359
204 5331 5332 5361 5360
205 5332 5333 5362 5361
206 5333 5334 5363 5362
207 5334 5335 5364 5363
208 5335 5336 5365 5364
209 5336 5337 5366 5365
210 5337 1670 1669 5366
211 104 5280 5309 105
212 5280 5281 5310 5309
213 5281 5282 5311 5310
214 5282 5283 5312 5311
215 5283 5284 5313 5312
216 5284 5285 5314 5313
217 5285 5286 5315 5314
218 5286 5287 5316 5315
219 5287 5288 5317 5316
220 5288 5289 5318 5317
221 5289 5290 5319 5318
222 5290 5291 5320 5319
223 5291 5292 5321 5320
224 5292 5293 5322 5321
225 5293 5294 5323 5322
226 5294 5295 5324 5323
227 5295 5296 5325 5324
228 5296 5297 5326 5325
229 5297 5298 5327 5326
230 5298 5299 5328 5327
231 5299 5300 5329 5328
232 5300 5301 5330 5329
233 5301 5302 5331 5330
234 5302 5303 5332 5331
235 5303 5304 5333 5332
236 5304 5305 5334 5333
237 5305 5306 5335 5334
238 5306 5307 5336 5335
239 5307 5308 5337 5336
240 5308 1671 1670 5337
241 103 5251 5280 104
242 5251 5252 5281 5280
243 5252 5253 5282 5281
244 5253 5254 5283 5282
245 5254 5255 5284 5283
246 5255 5256 5285 5284
247 5256 5257 5286 5285
248 5257 5258 5287 5286
249 5258 5259 5288 5287
250 5259 5260 5289 5288
251 5260 5261 5290 5289
252 5261 5262 5291 5290
253 5262 5263 5292 5291
254 5263 5264 5293 5292
255 5264 5265 5294 5293
256 5265 5266 5295 5294
257 5266 5267 5296 5295
258 5267 5268 5297 5296
259 5268 5269 5298 5297
260 5269 5270 5299 5298
261 5270 5271 5300 5299
262 5271 5272 5301 5300
263 5272 5273 5302 5301
264 5273 5274 5303 5302
265 5274 5275 5304 5303
266 5275 5276 5305 5304
267 5276 5277 5306 5305
268 5277 5278 5307 5306
269 5278 5279 5308 5307
270 5279 1672 1671 5308
271 102 5222 5251 103
272 5222 5223 5252 5251
273 5223 5224 5253 5252
274 5224 5225 5254 5253
275 5225 5226 5255 5254
276 5226 5227 5256 5255
277 5227 5228 5257 5256
278 5228 5229 5258 5257
279 5229 5230 5259 5258
280 5230 5231 5260 5259
281 5231 5232 5261 5260
282 5232 5233 5262 5261
283 5233 5234 5263 5262
284 5234 5235 5264 5263
285 5235 5236 5265 5264
286 5236 5237 5266 5265
287 5237 5238 5267 5266
288 5238 5239 5268 5267
289 5239 5240 5269 5268
290 5240 5241 5270 5269
291 5241 5242 5271 5270
292 5242 5243 5272 5271
293 5243 5244 5273 5272
294 5244 5245 5274 5273
295 5245 5246 5275 5274
296 5246 5247 5276 5275
297 5247 5248 5277 5276
298 5248 5249 5278 5277
299 5249 5250 5279 5278
300 5250 1673 1672 5279
301 101 5193 5222 102
302 5193 5194 5223 5222
303 5194 5195 5224 5223
304 5195 5196 5225 5224
305 5196 5197 5226 5225
306 5197 5198 5227 5226
307 5198 5199 5228 5227
308 5199 5200 5229 5228
309 5200 5201 5230 5229
310 5201 5202 5231 5230
311 5202 5203 5232 5231
312 5203 5204 5233 5232
313 5204 5205 5234 5233
314 5205 5206 5235 5234
315 5206 5207 5236 5235
316 5207 5208 5237 5236
317 5208 5209 5238 5237
318 5209 5210 5239 5238
319 5210 5211 5240 5239
320 5211 5212 5241 5240
321 5212 5213 5242 5241
322 5213 5214 5243 5242
323 5214 5215 5244 5243
324 5215 5216 5245 5244
325 5216 5217 5246 5245
326 5217 5218 5247 5246
327 5218 5219 5248 5247
328 5219 5220 5249 5248
329 5220 5221 5250 5249
330 5221 1674 1673 5250
331 100 5164 5193 101
332 5164 5165 5194 5193
333 5165 5166 5195 5194
334 5166 5167 5196 5195
335 5167 5168 5197 5196
336 5168 5169 5198 5197
337 5169 5170 5199 5198
338 5170 5171 5200 5199
339 5171 5172 5201 5200
340 5172 5173 5202 5201
341 5173 5174 5203 5202
342 5174 5175 5204 5203
343 5175 5176 5205 5204
344 5176 5177 5206 5205
345 5177 5178 5207 5206
346 5178 5179 5208 5207
347 5179 5180 5209 5208
348 5180 5181 5210 5209
349 5181 5182 5211 5210
350 5182 5183 5212 5211
351 5183 5184 5213 5212
352 5184 5185 5214 5213
353 5185 5186 5215 5214
354 5186 5187 5216 5215
355 5187 5188 5217 5216
356 5188 5189 5218 5217
357 5189 5190 5219 5218
358 5190 5191 5220 5219
359 5191 5192 5221 5220
360 5192 1675 1674 5221
361 99 5135 5164 100
362 5135 5136 5165 5164
363 5136 5137 5166 5165
364 5137 5138 5167 5166
365 5138 5139 5168 5167
366 5139 5140 5169 5168
367 5140 5141 5170 5169
368 5141 5142 5171 5170
369 5142 5143 5172 5171
370 5143 5144 5173 5172
371 5144 5145 5174 5173
372 5145 5146 5175 5174
373 5146 5147 5176 5175
374 5147 5148 5177 5176
375 5148 5149 5178 5177
376 5149 5150 5179 5178
377 5150 5151 5180 5179
378 5151 5152 5181 5180
379 5152 5153 5182 5181
380 5153 5154 5183 5182
381 5154 5155 5184 5183
382 5155 5156 5185 5184
383 5156 5157 5186 5185
384 5157 5158 5187 5186
385 5158 5159 5188 5187
386 5159 5160 5189 5188
387 5160 5161 5190 5189
388 5161 5162 5191 5190
389 5162 5163 5192 5191
390 5163 1676 1675 5192
391 98 5106 5135 99
392 5106 5107 5136 5135
393 5107 5108 5137 5136
394 5108 5109 5138 5137
395 5109 5110 5139 5138
396 5110 5111 5140 5139
397 5111 5112 5141 5140
398 5112 5113 5142 5141
399 5113 5114 5143 5142
400 5114 5115 5144 5143
401 5115 5116 5145 5144
402 5116 5117 5146 5145
403 5117 5118 5147 5146
404 5118 5119 5148 5147
405 5119 5120 5149 5148
406 5120 5121 5150 5149
407 5121 5122 5151 5150
408 5122 5123 5152 5151
409 5123 5124 5153 5152
410 5124 5125 5154 5153
411 5125 5126 5155 5154
412 5126 5127 5156 5155
413 5127 5128 5157 5156
414 5128 5129 5158 5157
415 5129 5130 5159 5158
416 5130 5131 5160 5159
417 5131 5132 5161 5160
418 5132 5133 5162 5161
419 5133 5134 5163 5162
420 5134 1677 1676 5163
421 97 5077 5106 98
422 5077 5078 5107 5106
423 5078 5079 5108 5107
424 5079 5080 5109 5108
425 5080 5081 5110 5109
426 5081 5082 5111 5110
427 5082 5083 5112 5111
428 5083 5084 5113 5112
429 5084 5085 5114 5113
430 5085 5086 5115 5114
431 5086 5087 5116 5115
432 5087 5088 5117 5116
433 5088 5089 5118 5117
434 5089 5090 5119 5118
435 5090 5091 5120 5119
436 5091 5092 5121 5120
437 5092 5093 5122 5121
438 5093 5094 5123 5122
439 5094 5095 5124 5123
440 5095 5096 5125 5124
441 5096 5097 5126 5125
442 5097 5098 5127 5126
443 5098 5099 5128 5127
444 5099 5100 5129 5128
445 5100 5101 5130 5129
446 5101 5102 5131 5130
447 5102 5103 5132 5131
448 5103 5104 5133 5132
449 5104 5105 5134 5133
450 5105 1678 1677 5134
451 96 5048 5077 97
452 5048 5049 5078 5077
453 5049 5050 5079 5078
454 5050 5051 5080 5079
455 5051 5052 5081 5080
456 5052 5053 5082 5081
457 5053 5054 5083 5082
458 5054 5055 5084 5083
459 5055 5056 5085 5084
460 5056 5057 5086 5085
461 5057 5058 5087 5086
462 5058 5059 5088 5087
463 5059 5060 5089 5088
464 5060 5061 5090 5089
465 5061 5062 5091 5090
466 5062 5063 5092 5091
467 5063 5064 5093 5092
468 5064 5065 5094 5093
469 5065 5066 5095 5094
470 5066 5067 5096 5095
471 5067 5068 5097 5096
472 5068 5069 5098 5097
473 5069 5070 5099 5098
474 5070 5071 5100 5099
475 5071 5072 5101 5100
476 5072 5073 5102 5101
477 5073 5074 5103 5102
478 5074 5075 5104 5103
479 5075 5076 5105 5104
480 5076 1679 1678 5105
481 95 5019 5048 96
482 5019 5020 5049 5048
483 5020 5021 5050 5049
484 5021 5022 5051 5050
485 5022 5023 5052 5051
486 5023 5024 5053 5052
487 5024 5025 5054 5053
488 5025 5026 5055 5054
489 5026 5027 5056 5055
490 5027 5028 5057 5056
491 5028 5029 5058 5057
492 5029 5030 5059 5058
493 5030 5031 5060 5059
494 5031 5032 5061 5060
495 5032 5033 5062 5061
496 5033 5034 5063 5062
497 5034 5035 5064 5063
498 5035 5036 5065 5064
499 5036 5037 5066 5065
500 5037 5038 5067 5066
501 5038 5039 5068 5067
502 5039 5040 5069 5068
503 5040 5041 5070 5069
504 5041 5042 5071 5070
505 5042 5043 5072 5071
506 5043 5044 5073 5072
507 5044 5045 5074 5073
508 5045 5046 5075 5074
509 5046 5047 5076 5075
510 5047 1680 1679 5076
511 94 4990 5019 95
512 4990 4991 5020 5019
513 4991 4992 5021 5020
514 4992 4993 5022 5021
515 4993 4994 5023 5022
516 4994 4995 5024 5023
517 4995 4996 5025 5024
518 4996 4997 5026 5025
519 4997 4998 5027 5026
520 4998 4999 5028 5027
521 4999 5000 5029 5028
522 5000 5001 5030 5029
523 5001 5002 5031 5030
524 5002 5003 5032 5031
525 5003 5004 5033 5032
526 5004 5005 5034 5033
527 5005 5006 5035 5034
528 5006 5007 5036 5035
529 5007 5008 5037 5036
530 5008 5009 5038 5037
531 5009 5010 5039 5038
532 5010 5011 5040 5039
533 5011 5012 5041 5040
534 5012 5013 5042 5041
535 5013 5014 5043 5042
536 5014 5015 5044 5043
537 5015 5016 5045 5044
538 5016 5017 5046 5045
539 5017 5018 5047 5046
540 5018 1681 1680 5047
541 93 4961 4990 94
542 4961 4962 4991 4990
543 4962 4963 4992 4991
544 4963 4964 4993 4992
545 4964 4965 4994 4993
546 4965 4966 4995 4994
547 4966 4967 4996 4995
548 4967 4968 4997 4996
549 4968 4969 4998 4997
550 4969 4970 4999 4998
551 4970 4971 5000 4999
552 4971 4972 5001 5000
553 4972 4973 5002 5001
554 4973 4974 5003 5002
555 4974 4975 5004 5003
556 4975 4976 5005 5004
557 4976 4977 5006 5005
558 4977 4978 5007 5006
559 4978 4979 5008 5007
560 4979 4980 5009 5008
561 4980 4981 5010 5009
562 4981 4982 5011 5010
563 4982 4983 5012 5011
564 4983 4984 5013 5012
565 4984 4985 5014 5013
566 4985 4986 5015 5014
567 4986 4987 5016 5015
568 4987 4988 5017 5016
569 4988 4989 5018 5017
570 4989 1682 1681 5018
571 92 4932 4961 93
572 4932 4933 4962 4961
573 4933 4934 4963 4962
574 4934 4935 4964 4963
575 4935 4936 4965 4964
576 4936 4937 4966 4965
577 4937 4938 4967 4966
578 4938 4939 4968 4967
579 4939 4940 4969 4968
580 4940 4941 4970 4969
581 4941 4942 4971 4970
582 4942 4943 4972 4971
583 4943 4944 4973 4972
584 4944 4945 4974 4973
585 4945 4946 4975 4974
586 4946 4947 4976 4975
587 4947 4948 4977 4976
588 4948 4949 4978 4977
589 4949 4950 4979 4978
590 4950 4951 4980 4979
591 4951 4952 4981 4980
592 4952 4953 4982 4981
593 4953 4954 4983 4982
594 4954 4955 4984 4983
595 4955 4956 4985 4984
596 4956 4957 4986 4985
597 4957 4958 4987 4986
598 4958 4959 4988 4987
599 4959 4960 4989 4988
600 4960 1683 1682 4989
601 91 4903 4932 92
602 4903 4904 4933 4932
603 4904 4905 4934 4933
604 4905 4906 4935 4934
605 4906 4907 4936 4935
606 4907 4908 4937 4936
607 4908 4909 4938 4937
608 4909 4910 4939 4938
609 4910 4911 4940 4939
610 4911 4912 4941 4940
611 4912 4913 4942 4941
612 4913 4914 4943 4942
613 4914 4915 4944 4943
614 4915 4916 4945 4944
615 4916 4917 4946 4945
616 4917 4918 4947 4946
617 4918 4919 4948 4947
618 4919 4920 4949 4948
619 4920 4921 4950 4949
620 4921 4922 4951 4950
621 4922 4923 4952 4951
622 4923 4924 4953 4952
623 4924 4925 4954 4953
624 4925 4926 4955 4954
625 4926 4927 4956 4955
626 4927 4928 4957 4956
627 4928 4929 4958 4957
628 4929 4930 4959 4958
629 4930 4931 4960 4959
630 4931 1684 1683 4960
631 90 4874 4903 91
632 4874 4875 4904 4903
633 4875 4876 4905 4904
634 4876 4877 4906 4905
635 4877 4878 4907 4906
636 4878 4879 4908 4907
637 4879 4880 4909 4908
638 4880 4881 4910 4909
639 4881 4882 4911 4910
640 4882 4883 4912 4911
641 4883 4884 4913 4912
642 4884 4885 4914 4913
643 4885 4886 4915 4914
644 4886 4887 4916 4915
645 4887 4888 4917 4916
646 4888 4889 4918 4917
647 4889 4890 4919 4918
648 4890 4891 4920 4919
649 4891 4892 4921 4920
650 4892 4893 4922 4921
651 4893 4894 4923 4922
652 4894 4895 4924 4923
653 4895 4896 4925 4924
654 4896 4897 4926 4925
655 4897 4898 4927 4926
656 4898 4899 4928 4927
657 4899 4900 4929 4928
658 4900 4901 4930 4929
659 4901 4902 4931 4930
660 4902 1685 1684 4931
661 89 4845 4874 90
662 4845 4846 4875 4874
663 4846 4847 4876 4875
664 4847 4848 4877 4876
665 4848 4849 4878 4877
666 4849 4850 4879 4878
667 4850 4851 4880 4879
668 4851 4852 4881 4880
669 4852 4853 4882 4881
670 4853 4854 4883 4882
671 4854 4855 4884 4883
672 4855 4856 4885 4884
673 4856 4857 4886 4885
674 4857 4858 4887 4886
675 4858 4859 4888 4887
676 4859 4860 4889 4888
677 4860 4861 4890 4889
678 4861 4862 4891 4890
679 4862 4863 4892 4891
680 4863 4864 4893 4892
681 4864 4865 4894 4893
682 4865 4866 4895 4894
683 4866 4867 4896 4895
684 4867 4868 4897 4896
685 4868 4869 4898 4897
686 4869 4870 4899 4898
687 4870 4871 4900 4899
688 4871 4872 4901 4900
689 4872 4873 4902 4901
690 4873 1686 1685 4902
691 88 4816 4845 89
692 4816 4817 4846 4845
693 4817 4818 4847 4846
694 4818 4819 4848 4847
695 4819 4820 4849 4848
696 4820 4821 4850 4849
697 4821 4822 4851 4850
698 4822 4823 4852 4851
699 4823 4824 4853 4852
700 4824 4825 4854 4853
701 4825 4826 4855 4854
702 4826 4827 4856 4855
703 4827 4828 4857 4856
704 4828 4829 4858 4857
705 4829 4830 4859 4858
706 4830 4831 4860 4859
707 4831 4832 4861 4860
708 4832 4833 4862 4861
709 4833 4834 4863 4862
710 4834 4835 4864 4863
711 4835 4836 4865 4864
712 4836 4837 4866 4865
713 4837 4838 4867 4866
714 4838 4839 4868 4867
715 4839 4840 4869 4868
716 4840 4841 4870 4869
717 4841 4842 4871 4870
718 4842 4843 4872 4871
719 4843 4844 4873 4872
720 4844 1687 1686 4873
721 87 4787 4816 88
722 4787 4788 4817 4816
723 4788 4789 4818 4817
724 4789 4790 4819 4818
725 4790 4791 4820 4819
726 4791 4792 4821 4820
727 4792 4793 4822 4821
728 4793 4794 4823 4822
729 4794 4795 4824 4823
730 4795 4796 4825 4824
731 4796 4797 4826 4825
732 4797 4798 4827 4826
733 4798 4799 4828 4827
734 4799 4800 4829 4828
735 4800 4801 4830 4829
736 4801 4802 4831 4830
737 4802 4803 4832 4831
738 4803 4804 4833 4832
739 4804 4805 4834 4833
740 4805 4806 4835 4834
741 4806 4807 4836 4835
742 4807 4808 4837 4836
743 4808 4809 4838 4837
744 4809 4810 4839 4838
745 4810 4811 4840 4839
746 4811 4812 4841 4840
747 4812 4813 4842 4841
748 4813 4814 4843 4842
749 4814 4815 4844 4843
750 4815 1688 1687 4844
751 86 4758 4787 87
752 4758 4759 4788 4787
753 4759 4760 4789 4788
754 4760 4761 4790 4789
755 4761 4762 4791 4790
756 4762 4763 4792 4791
757 4763 4764 4793 4792
758 4764 4765 4794 4793
759 4765 4766 4795 4794
760 4766 4767 4796 4795
761 4767 4768 4797 4796
762 4768 4769 4798 4797
763 4769 4770 4799 4798
764 4770 4771 4800 4799
765 4771 4772 4801 4800
766 4772 4773 4802 4801
767 4773 4774 4803 4802
768 4774 4775 4804 4803
769 4775 4776 4805 4804
770 4776 4777 4806 4805
771 4777 4778 4807 4806
772 4778 4779 4808 4807
773 4779 4780 4809 4808
774 4780 4781 4810 4809
775 4781 4782 4811 4810
776 4782 4783 4812 4811
777 4783 4784 4813 4812
778 4784 4785 4814 4813
779 4785 4786 4815 4814
780 4786 1689 1688 4815
781 85 4729 4758 86
782 4729 4730 4759 4758
783 4730 4731 4760 4759
784 4731 4732 4761 4760
785 4732 4733 4762 4761
786 4733 4734 4763 4762
787 4734 4735 4764 4763
788 4735 4736 4765 4764
789 4736 4737 4766 4765
790 4737 4738 4767 4766
791 4738 4739 4768 4767
792 4739 4740 4769 4768
793 4740 4741 4770 4769
794 4741 4742 4771 4770
795 4742 4743 4772 4771
796 4743 4744 4773 4772
797 4744 4745 4774 4773
798 4745 4746 4775 4774
799 4746 4747 4776 4775
800 4747 4748 4777 4776
801 4748 4749 4778 4777
802 4749 4750 4779 4778
803 4750 4751 4780 4779
804 4751 4752 4781 4780
805 4752 4753 4782 4781
806 4753 4754 4783 4782
807 4754 4755 4784 4783
808 4755 4756 4785 4784
809 4756 4757 4786 4785
810 4757 1690 1689 4786
811 84 4700 4729 85
812 4700 4701 4730 4729
813 4701 4702 4731 4730
814 4702 4703 4732 4731
815 4703 4704 4733 4732
816 4704 4705 4734 4733
817 4705 4706 4735 4734
818 4706 4707 4736 4735
819 4707 4708 4737 4736
820 4708 4709 4738 4737
821 4709 4710 4739 4738
822 4710 4711 4740 4739
823 4711 4712 4741 4740
824 4712 4713 4742 4741
825 4713 4714 4743 4742
826 4714 4715 4744 4743
827 4715 4716 4745 4744
828 4716 4717 4746 4745
829 4717 4718 4747 4746
830 4718 4719 4748 4747
831 4719 4720 4749 4748
832 4720 4721 4750 4749
833 4721 4722 4751 4750
834 4722 4723 4752 4751
835 4723 4724 4753 4752
836 4724 4725 4754 4753
837 4725 4726 4755 4754
838 4726 4727 4756 4755
839 4727 4728 4757 4756
840 4728 1691 1690 4757
841 83 4671 4700 84
842 4671 4672 4701 4700
843 4672 4673 4702 4701
844 4673 4674 4703 4702
845 4674 4675 4704 4703
846 4675 4676 4705 4704
847 4676 4677 4706 4705
848 4677 4678 4707 4706
849 4678 4679 4708 4707
850 4679 4680 4709 4708
851 4680 4681 4710 4709
852 4681 4682 4711 4710
853 4682 4683 4712 4711
854 4683 4684 4713 4712
855 4684 4685 4714 4713
856 4685 4686 4715 4714
857 4686 4687 4716 4715
858 4687 4688 4717 4716
859 4688 4689 4718 4717
860 4689 4690 4719 4718
861 4690 4691 4720 4719
862 4691 4692 4721 4720
863 4692 4693 4722 4721
864 4693 4694 4723 4722
865 4694 4695 4724 4723
866 4695 4696 4725 4724
867 4696 4697 4726 4725
868 4697 4698 4727 4726
869 4698 4699 4728 4727
870 4699 1692 1691 4728
871 32 4642 4671 83
872 4642 4643 4672 4671
873 4643 4644 4673 4672
874 4644 4645 4674 4673
875 4645 4646 4675 4674
876 4646 4647 4676 4675
877 4647 4648 4677 4676
878 4648 4649 4678 4677
879 4649 4650 4679 4678
880 4650 4651 4680 4679
881 4651 4652 4681 4680
882 4652 4653 4682 4681
883 4653 4654 4683 4682
884 4654 4655 4684 4683
885 4655 4656 4685 4684
886 4656 4657 4686 4685
887 4657 4658 4687 4686
888 4658 4659 4688 4687
889 4659 4660 4689 4688
890 4660 4661 4690 4689
891 4661 4662 4691 4690
892 4662 4663 4692 4691
893 4663 4664 4693 4692
894 4664 4665 4694 4693
895 4665 4666 4695 4694
896 4666 4667 4696 4695
897 4667 4668 4697 4696
898 4668 4669 4698 4697
899 4669 4670 4699 4698
900 4670 1663 1692 4699
