      1500
871 81 6933 4642 32
872 6933 6934 4643 4642
873 6934 6935 4644 4643
874 6935 6936 4645 4644
875 6936 6937 4646 4645
876 6937 6938 4647 4646
877 6938 6939 4648 4647
878 6939 6940 4649 4648
879 6940 6941 4650 4649
880 6941 6942 4651 4650
881 6942 6943 4652 4651
882 6943 6944 4653 4652
883 6944 6945 4654 4653
884 6945 6946 4655 4654
885 6946 6947 4656 4655
886 6947 6948 4657 4656
887 6948 6949 4658 4657
888 6949 6950 4659 4658
889 6950 6951 4660 4659
890 6951 6952 4661 4660
891 6952 6953 4662 4661
892 6953 6954 4663 4662
893 6954 6955 4664 4663
894 6955 6956 4665 4664
895 6956 6957 4666 4665
896 6957 6958 4667 4666
897 6958 6959 4668 4667
898 6959 6960 4669 4668
899 6960 6961 4670 4669
900 6961 1693 1663 4670
1771 80 6904 6933 81
1772 6904 6905 6934 6933
1773 6905 6906 6935 6934
1774 6906 6907 6936 6935
1775 6907 6908 6937 6936
1776 6908 6909 6938 6937
1777 6909 6910 6939 6938
1778 6910 6911 6940 6939
1779 6911 6912 6941 6940
1780 6912 6913 6942 6941
1781 6913 6914 6943 6942
1782 6914 6915 6944 6943
1783 6915 6916 6945 6944
1784 6916 6917 6946 6945
1785 6917 6918 6947 6946
1786 6918 6919 6948 6947
1787 6919 6920 6949 6948
1788 6920 6921 6950 6949
1789 6921 6922 6951 6950
1790 6922 6923 6952 6951
1791 6923 6924 6953 6952
1792 6924 6925 6954 6953
1793 6925 6926 6955 6954
1794 6926 6927 6956 6955
1795 6927 6928 6957 6956
1796 6928 6929 6958 6957
1797 6929 6930 6959 6958
1798 6930 6931 6960 6959
1799 6931 6932 6961 6960
1800 6932 1694 1693 6961
2671 79 6875 6904 80
2672 6875 6876 6905 6904
2673 6876 6877 6906 6905
2674 6877 6878 6907 6906
2675 6878 6879 6908 6907
2676 6879 6880 6909 6908
2677 6880 6881 6910 6909
2678 6881 6882 6911 6910
2679 6882 6883 6912 6911
2680 6883 6884 6913 6912
2681 6884 6885 6914 6913
2682 6885 6886 6915 6914
2683 6886 6887 6916 6915
2684 6887 6888 6917 6916
2685 6888 6889 6918 6917
2686 6889 6890 6919 6918
2687 6890 6891 6920 6919
2688 6891 6892 6921 6920
2689 6892 6893 6922 6921
2690 6893 6894 6923 6922
2691 6894 6895 6924 6923
2692 6895 6896 6925 6924
2693 6896 6897 6926 6925
2694 6897 6898 6927 6926
2695 6898 6899 6928 6927
2696 6899 6900 6929 6928
2697 6900 6901 6930 6929
2698 6901 6902 6931 6930
2699 6902 6903 6932 6931
2700 6903 1695 1694 6932
3571 78 6846 6875 79
3572 6846 6847 6876 6875
3573 6847 6848 6877 6876
3574 6848 6849 6878 6877
3575 6849 6850 6879 6878
3576 6850 6851 6880 6879
3577 6851 6852 6881 6880
3578 6852 6853 6882 6881
3579 6853 6854 6883 6882
3580 6854 6855 6884 6883
3581 6855 6856 6885 6884
3582 6856 6857 6886 6885
3583 6857 6858 6887 6886
3584 6858 6859 6888 6887
3585 6859 6860 6889 6888
3586 6860 6861 6890 6889
3587 6861 6862 6891 6890
3588 6862 6863 6892 6891
3589 6863 6864 6893 6892
3590 6864 6865 6894 6893
3591 6865 6866 6895 6894
3592 6866 6867 6896 6895
3593 6867 6868 6897 6896
3594 6868 6869 6898 6897
3595 6869 6870 6899 6898
3596 6870 6871 6900 6899
3597 6871 6872 6901 6900
3598 6872 6873 6902 6901
3599 6873 6874 6903 6902
3600 6874 1696 1695 6903
4471 77 6817 6846 78
4472 6817 6818 6847 6846
4473 6818 6819 6848 6847
4474 6819 6820 6849 6848
4475 6820 6821 6850 6849
4476 6821 6822 6851 6850
4477 6822 6823 6852 6851
4478 6823 6824 6853 6852
4479 6824 6825 6854 6853
4480 6825 6826 6855 6854
4481 6826 6827 6856 6855
4482 6827 6828 6857 6856
4483 6828 6829 6858 6857
4484 6829 6830 6859 6858
4485 6830 6831 6860 6859
4486 6831 6832 6861 6860
4487 6832 6833 6862 6861
4488 6833 6834 6863 6862
4489 6834 6835 6864 6863
4490 6835 6836 6865 6864
4491 6836 6837 6866 6865
4492 6837 6838 6867 6866
4493 6838 6839 6868 6867
4494 6839 6840 6869 6868
4495 6840 6841 6870 6869
4496 6841 6842 6871 6870
4497 6842 6843 6872 6871
4498 6843 6844 6873 6872
4499 6844 6845 6874 6873
4500 6845 1697 1696 6874
5371 76 6788 6817 77
5372 6788 6789 6818 6817
5373 6789 6790 6819 6818
5374 6790 6791 6820 6819
5375 6791 6792 6821 6820
5376 6792 6793 6822 6821
5377 6793 6794 6823 6822
5378 6794 6795 6824 6823
5379 6795 6796 6825 6824
5380 6796 6797 6826 6825
5381 6797 6798 6827 6826
5382 6798 6799 6828 6827
5383 6799 6800 6829 6828
5384 6800 6801 6830 6829
5385 6801 6802 6831 6830
5386 6802 6803 6832 6831
5387 6803 6804 6833 6832
5388 6804 6805 6834 6833
5389 6805 6806 6835 6834
5390 6806 6807 6836 6835
5391 6807 6808 6837 6836
5392 6808 6809 6838 6837
5393 6809 6810 6839 6838
5394 6810 6811 6840 6839
5395 6811 6812 6841 6840
5396 6812 6813 6842 6841
5397 6813 6814 6843 6842
5398 6814 6815 6844 6843
5399 6815 6816 6845 6844
5400 6816 1698 1697 6845
6271 75 6759 6788 76
6272 6759 6760 6789 6788
6273 6760 6761 6790 6789
6274 6761 6762 6791 6790
6275 6762 6763 6792 6791
6276 6763 6764 6793 6792
6277 6764 6765 6794 6793
6278 6765 6766 6795 6794
6279 6766 6767 6796 6795
6280 6767 6768 6797 6796
6281 6768 6769 6798 6797
6282 6769 6770 6799 6798
6283 6770 6771 6800 6799
6284 6771 6772 6801 6800
6285 6772 6773 6802 6801
6286 6773 6774 6803 6802
6287 6774 6775 6804 6803
6288 6775 6776 6805 6804
6289 6776 6777 6806 6805
6290 6777 6778 6807 6806
6291 6778 6779 6808 6807
6292 6779 6780 6809 6808
6293 6780 6781 6810 6809
6294 6781 6782 6811 6810
6295 6782 6783 6812 6811
6296 6783 6784 6813 6812
6297 6784 6785 6814 6813
6298 6785 6786 6815 6814
6299 6786 6787 6816 6815
6300 6787 1699 1698 6816
7171 74 6730 6759 75
7172 6730 6731 6760 6759
7173 6731 6732 6761 6760
7174 6732 6733 6762 6761
7175 6733 6734 6763 6762
7176 6734 6735 6764 6763
7177 6735 6736 6765 6764
7178 6736 6737 6766 6765
7179 6737 6738 6767 6766
7180 6738 6739 6768 6767
7181 6739 6740 6769 6768
7182 6740 6741 6770 6769
7183 6741 6742 6771 6770
7184 6742 6743 6772 6771
7185 6743 6744 6773 6772
7186 6744 6745 6774 6773
7187 6745 6746 6775 6774
7188 6746 6747 6776 6775
7189 6747 6748 6777 6776
7190 6748 6749 6778 6777
7191 6749 6750 6779 6778
7192 6750 6751 6780 6779
7193 6751 6752 6781 6780
7194 6752 6753 6782 6781
7195 6753 6754 6783 6782
7196 6754 6755 6784 6783
7197 6755 6756 6785 6784
7198 6756 6757 6786 6785
7199 6757 6758 6787 6786
7200 6758 1700 1699 6787
8071 73 6701 6730 74
8072 6701 6702 6731 6730
8073 6702 6703 6732 6731
8074 6703 6704 6733 6732
8075 6704 6705 6734 6733
8076 6705 6706 6735 6734
8077 6706 6707 6736 6735
8078 6707 6708 6737 6736
8079 6708 6709 6738 6737
8080 6709 6710 6739 6738
8081 6710 6711 6740 6739
8082 6711 6712 6741 6740
8083 6712 6713 6742 6741
8084 6713 6714 6743 6742
8085 6714 6715 6744 6743
8086 6715 6716 6745 6744
8087 6716 6717 6746 6745
8088 6717 6718 6747 6746
8089 6718 6719 6748 6747
8090 6719 6720 6749 6748
8091 6720 6721 6750 6749
8092 6721 6722 6751 6750
8093 6722 6723 6752 6751
8094 6723 6724 6753 6752
8095 6724 6725 6754 6753
8096 6725 6726 6755 6754
8097 6726 6727 6756 6755
8098 6727 6728 6757 6756
8099 6728 6729 6758 6757
8100 6729 1701 1700 6758
8971 72 6672 6701 73
8972 6672 6673 6702 6701
8973 6673 6674 6703 6702
8974 6674 6675 6704 6703
8975 6675 6676 6705 6704
8976 6676 6677 6706 6705
8977 6677 6678 6707 6706
8978 6678 6679 6708 6707
8979 6679 6680 6709 6708
8980 6680 6681 6710 6709
8981 6681 6682 6711 6710
8982 6682 6683 6712 6711
8983 6683 6684 6713 6712
8984 6684 6685 6714 6713
8985 6685 6686 6715 6714
8986 6686 6687 6716 6715
8987 6687 6688 6717 6716
8988 6688 6689 6718 6717
8989 6689 6690 6719 6718
8990 6690 6691 6720 6719
8991 6691 6692 6721 6720
8992 6692 6693 6722 6721
8993 6693 6694 6723 6722
8994 6694 6695 6724 6723
8995 6695 6696 6725 6724
8996 6696 6697 6726 6725
8997 6697 6698 6727 6726
8998 6698 6699 6728 6727
8999 6699 6700 6729 6728
9000 6700 1702 1701 6729
9871 71 6643 6672 72
9872 6643 6644 6673 6672
9873 6644 6645 6674 6673
9874 6645 6646 6675 6674
9875 6646 6647 6676 6675
9876 6647 6648 6677 6676
9877 6648 6649 6678 6677
9878 6649 6650 6679 6678
9879 6650 6651 6680 6679
9880 6651 6652 6681 6680
9881 6652 6653 6682 6681
9882 6653 6654 6683 6682
9883 6654 6655 6684 6683
9884 6655 6656 6685 6684
9885 6656 6657 6686 6685
9886 6657 6658 6687 6686
9887 6658 6659 6688 6687
9888 6659 6660 6689 6688
9889 6660 6661 6690 6689
9890 6661 6662 6691 6690
9891 6662 6663 6692 6691
9892 6663 6664 6693 6692
9893 6664 6665 6694 6693
9894 6665 6666 6695 6694
9895 6666 6667 6696 6695
9896 6667 6668 6697 6696
9897 6668 6669 6698 6697
9898 6669 6670 6699 6698
9899 6670 6671 6700 6699
9900 6671 1703 1702 6700
10771 70 6614 6643 71
10772 6614 6615 6644 6643
10773 6615 6616 6645 6644
10774 6616 6617 6646 6645
10775 6617 6618 6647 6646
10776 6618 6619 6648 6647
10777 6619 6620 6649 6648
10778 6620 6621 6650 6649
10779 6621 6622 6651 6650
10780 6622 6623 6652 6651
10781 6623 6624 6653 6652
10782 6624 6625 6654 6653
10783 6625 6626 6655 6654
10784 6626 6627 6656 6655
10785 6627 6628 6657 6656
10786 6628 6629 6658 6657
10787 6629 6630 6659 6658
10788 6630 6631 6660 6659
10789 6631 6632 6661 6660
10790 6632 6633 6662 6661
10791 6633 6634 6663 6662
10792 6634 6635 6664 6663
10793 6635 6636 6665 6664
10794 6636 6637 6666 6665
10795 6637 6638 6667 6666
10796 6638 6639 6668 6667
10797 6639 6640 6669 6668
10798 6640 6641 6670 6669
10799 6641 6642 6671 6670
10800 6642 1704 1703 6671
11671 69 6585 6614 70
11672 6585 6586 6615 6614
11673 6586 6587 6616 6615
11674 6587 6588 6617 6616
11675 6588 6589 6618 6617
11676 6589 6590 6619 6618
11677 6590 6591 6620 6619
11678 6591 6592 6621 6620
11679 6592 6593 6622 6621
11680 6593 6594 6623 6622
11681 6594 6595 6624 6623
11682 6595 6596 6625 6624
11683 6596 6597 6626 6625
11684 6597 6598 6627 6626
11685 6598 6599 6628 6627
11686 6599 6600 6629 6628
11687 6600 6601 6630 6629
11688 6601 6602 6631 6630
11689 6602 6603 6632 6631
11690 6603 6604 6633 6632
11691 6604 6605 6634 6633
11692 6605 6606 6635 6634
11693 6606 6607 6636 6635
11694 6607 6608 6637 6636
11695 6608 6609 6638 6637
11696 6609 6610 6639 6638
11697 6610 6611 6640 6639
11698 6611 6612 6641 6640
11699 6612 6613 6642 6641
11700 6613 1705 1704 6642
12571 68 6556 6585 69
12572 6556 6557 6586 6585
12573 6557 6558 6587 6586
12574 6558 6559 6588 6587
12575 6559 6560 6589 6588
12576 6560 6561 6590 6589
12577 6561 6562 6591 6590
12578 6562 6563 6592 6591
12579 6563 6564 6593 6592
12580 6564 6565 6594 6593
12581 6565 6566 6595 6594
12582 6566 6567 6596 6595
12583 6567 6568 6597 6596
12584 6568 6569 6598 6597
12585 6569 6570 6599 6598
12586 6570 6571 6600 6599
12587 6571 6572 6601 6600
12588 6572 6573 6602 6601
12589 6573 6574 6603 6602
12590 6574 6575 6604 6603
12591 6575 6576 6605 6604
12592 6576 6577 6606 6605
12593 6577 6578 6607 6606
12594 6578 6579 6608 6607
12595 6579 6580 6609 6608
12596 6580 6581 6610 6609
12597 6581 6582 6611 6610
12598 6582 6583 6612 6611
12599 6583 6584 6613 6612
12600 6584 1706 1705 6613
13471 67 6527 6556 68
13472 6527 6528 6557 6556
13473 6528 6529 6558 6557
13474 6529 6530 6559 6558
13475 6530 6531 6560 6559
13476 6531 6532 6561 6560
13477 6532 6533 6562 6561
13478 6533 6534 6563 6562
13479 6534 6535 6564 6563
13480 6535 6536 6565 6564
13481 6536 6537 6566 6565
13482 6537 6538 6567 6566
13483 6538 6539 6568 6567
13484 6539 6540 6569 6568
13485 6540 6541 6570 6569
13486 6541 6542 6571 6570
13487 6542 6543 6572 6571
13488 6543 6544 6573 6572
13489 6544 6545 6574 6573
13490 6545 6546 6575 6574
13491 6546 6547 6576 6575
13492 6547 6548 6577 6576
13493 6548 6549 6578 6577
13494 6549 6550 6579 6578
13495 6550 6551 6580 6579
13496 6551 6552 6581 6580
13497 6552 6553 6582 6581
13498 6553 6554 6583 6582
13499 6554 6555 6584 6583
13500 6555 1707 1706 6584
14371 66 6498 6527 67
14372 6498 6499 6528 6527
14373 6499 6500 6529 6528
14374 6500 6501 6530 6529
14375 6501 6502 6531 6530
14376 6502 6503 6532 6531
14377 6503 6504 6533 6532
14378 6504 6505 6534 6533
14379 6505 6506 6535 6534
14380 6506 6507 6536 6535
14381 6507 6508 6537 6536
14382 6508 6509 6538 6537
14383 6509 6510 6539 6538
14384 6510 6511 6540 6539
14385 6511 6512 6541 6540
14386 6512 6513 6542 6541
14387 6513 6514 6543 6542
14388 6514 6515 6544 6543
14389 6515 6516 6545 6544
14390 6516 6517 6546 6545
14391 6517 6518 6547 6546
14392 6518 6519 6548 6547
14393 6519 6520 6549 6548
14394 6520 6521 6550 6549
14395 6521 6522 6551 6550
14396 6522 6523 6552 6551
14397 6523 6524 6553 6552
14398 6524 6525 6554 6553
14399 6525 6526 6555 6554
14400 6526 1708 1707 6555
15271 65 6469 6498 66
15272 6469 6470 6499 6498
15273 6470 6471 6500 6499
15274 6471 6472 6501 6500
15275 6472 6473 6502 6501
15276 6473 6474 6503 6502
15277 6474 6475 6504 6503
15278 6475 6476 6505 6504
15279 6476 6477 6506 6505
15280 6477 6478 6507 6506
15281 6478 6479 6508 6507
15282 6479 6480 6509 6508
15283 6480 6481 6510 6509
15284 6481 6482 6511 6510
15285 6482 6483 6512 6511
15286 6483 6484 6513 6512
15287 6484 6485 6514 6513
15288 6485 6486 6515 6514
15289 6486 6487 6516 6515
15290 6487 6488 6517 6516
15291 6488 6489 6518 6517
15292 6489 6490 6519 6518
15293 6490 6491 6520 6519
15294 6491 6492 6521 6520
15295 6492 6493 6522 6521
15296 6493 6494 6523 6522
15297 6494 6495 6524 6523
15298 6495 6496 6525 6524
15299 6496 6497 6526 6525
15300 6497 1709 1708 6526
16171 64 6440 6469 65
16172 6440 6441 6470 6469
16173 6441 6442 6471 6470
16174 6442 6443 6472 6471
16175 6443 6444 6473 6472
16176 6444 6445 6474 6473
16177 6445 6446 6475 6474
16178 6446 6447 6476 6475
16179 6447 6448 6477 6476
16180 6448 6449 6478 6477
16181 6449 6450 6479 6478
16182 6450 6451 6480 6479
16183 6451 6452 6481 6480
16184 6452 6453 6482 6481
16185 6453 6454 6483 6482
16186 6454 6455 6484 6483
16187 6455 6456 6485 6484
16188 6456 6457 6486 6485
16189 6457 6458 6487 6486
16190 6458 6459 6488 6487
16191 6459 6460 6489 6488
16192 6460 6461 6490 6489
16193 6461 6462 6491 6490
16194 6462 6463 6492 6491
16195 6463 6464 6493 6492
16196 6464 6465 6494 6493
16197 6465 6466 6495 6494
16198 6466 6467 6496 6495
16199 6467 6468 6497 6496
16200 6468 1710 1709 6497
17071 63 6411 6440 64
17072 6411 6412 6441 6440
17073 6412 6413 6442 6441
17074 6413 6414 6443 6442
17075 6414 6415 6444 6443
17076 6415 6416 6445 6444
17077 6416 6417 6446 6445
17078 6417 6418 6447 6446
17079 6418 6419 6448 6447
17080 6419 6420 6449 6448
17081 6420 6421 6450 6449
17082 6421 6422 6451 6450
17083 6422 6423 6452 6451
17084 6423 6424 6453 6452
17085 6424 6425 6454 6453
17086 6425 6426 6455 6454
17087 6426 6427 6456 6455
17088 6427 6428 6457 6456
17089 6428 6429 6458 6457
17090 6429 6430 6459 6458
17091 6430 6431 6460 6459
17092 6431 6432 6461 6460
17093 6432 6433 6462 6461
17094 6433 6434 6463 6462
17095 6434 6435 6464 6463
17096 6435 6436 6465 6464
17097 6436 6437 6466 6465
17098 6437 6438 6467 6466
17099 6438 6439 6468 6467
17100 6439 1711 1710 6468
17971 62 6382 6411 63
17972 6382 6383 6412 6411
17973 6383 6384 6413 6412
17974 6384 6385 6414 6413
17975 6385 6386 6415 6414
17976 6386 6387 6416 6415
17977 6387 6388 6417 6416
17978 6388 6389 6418 6417
17979 6389 6390 6419 6418
17980 6390 6391 6420 6419
17981 6391 6392 6421 6420
17982 6392 6393 6422 6421
17983 6393 6394 6423 6422
17984 6394 6395 6424 6423
17985 6395 6396 6425 6424
17986 6396 6397 6426 6425
17987 6397 6398 6427 6426
17988 6398 6399 6428 6427
17989 6399 6400 6429 6428
17990 6400 6401 6430 6429
17991 6401 6402 6431 6430
17992 6402 6403 6432 6431
17993 6403 6404 6433 6432
17994 6404 6405 6434 6433
17995 6405 6406 6435 6434
17996 6406 6407 6436 6435
17997 6407 6408 6437 6436
17998 6408 6409 6438 6437
17999 6409 6410 6439 6438
18000 6410 1712 1711 6439
18871 61 6353 6382 62
18872 6353 6354 6383 6382
18873 6354 6355 6384 6383
18874 6355 6356 6385 6384
18875 6356 6357 6386 6385
18876 6357 6358 6387 6386
18877 6358 6359 6388 6387
18878 6359 6360 6389 6388
18879 6360 6361 6390 6389
18880 6361 6362 6391 6390
18881 6362 6363 6392 6391
18882 6363 6364 6393 6392
18883 6364 6365 6394 6393
18884 6365 6366 6395 6394
18885 6366 6367 6396 6395
18886 6367 6368 6397 6396
18887 6368 6369 6398 6397
18888 6369 6370 6399 6398
18889 6370 6371 6400 6399
18890 6371 6372 6401 6400
18891 6372 6373 6402 6401
18892 6373 6374 6403 6402
18893 6374 6375 6404 6403
18894 6375 6376 6405 6404
18895 6376 6377 6406 6405
18896 6377 6378 6407 6406
18897 6378 6379 6408 6407
18898 6379 6380 6409 6408
18899 6380 6381 6410 6409
18900 6381 1713 1712 6410
19771 60 6324 6353 61
19772 6324 6325 6354 6353
19773 6325 6326 6355 6354
19774 6326 6327 6356 6355
19775 6327 6328 6357 6356
19776 6328 6329 6358 6357
19777 6329 6330 6359 6358
19778 6330 6331 6360 6359
19779 6331 6332 6361 6360
19780 6332 6333 6362 6361
19781 6333 6334 6363 6362
19782 6334 6335 6364 6363
19783 6335 6336 6365 6364
19784 6336 6337 6366 6365
19785 6337 6338 6367 6366
19786 6338 6339 6368 6367
19787 6339 6340 6369 6368
19788 6340 6341 6370 6369
19789 6341 6342 6371 6370
19790 6342 6343 6372 6371
19791 6343 6344 6373 6372
19792 6344 6345 6374 6373
19793 6345 6346 6375 6374
19794 6346 6347 6376 6375
19795 6347 6348 6377 6376
19796 6348 6349 6378 6377
19797 6349 6350 6379 6378
19798 6350 6351 6380 6379
19799 6351 6352 6381 6380
19800 6352 1714 1713 6381
20671 59 6295 6324 60
20672 6295 6296 6325 6324
20673 6296 6297 6326 6325
20674 6297 6298 6327 6326
20675 6298 6299 6328 6327
20676 6299 6300 6329 6328
20677 6300 6301 6330 6329
20678 6301 6302 6331 6330
20679 6302 6303 6332 6331
20680 6303 6304 6333 6332
20681 6304 6305 6334 6333
20682 6305 6306 6335 6334
20683 6306 6307 6336 6335
20684 6307 6308 6337 6336
20685 6308 6309 6338 6337
20686 6309 6310 6339 6338
20687 6310 6311 6340 6339
20688 6311 6312 6341 6340
20689 6312 6313 6342 6341
20690 6313 6314 6343 6342
20691 6314 6315 6344 6343
20692 6315 6316 6345 6344
20693 6316 6317 6346 6345
20694 6317 6318 6347 6346
20695 6318 6319 6348 6347
20696 6319 6320 6349 6348
20697 6320 6321 6350 6349
20698 6321 6322 6351 6350
20699 6322 6323 6352 6351
20700 6323 1715 1714 6352
21571 58 6266 6295 59
21572 6266 6267 6296 6295
21573 6267 6268 6297 6296
21574 6268 6269 6298 6297
21575 6269 6270 6299 6298
21576 6270 6271 6300 6299
21577 6271 6272 6301 6300
21578 6272 6273 6302 6301
21579 6273 6274 6303 6302
21580 6274 6275 6304 6303
21581 6275 6276 6305 6304
21582 6276 6277 6306 6305
21583 6277 6278 6307 6306
21584 6278 6279 6308 6307
21585 6279 6280 6309 6308
21586 6280 6281 6310 6309
21587 6281 6282 6311 6310
21588 6282 6283 6312 6311
21589 6283 6284 6313 6312
21590 6284 6285 6314 6313
21591 6285 6286 6315 6314
21592 6286 6287 6316 6315
21593 6287 6288 6317 6316
21594 6288 6289 6318 6317
21595 6289 6290 6319 6318
21596 6290 6291 6320 6319
21597 6291 6292 6321 6320
21598 6292 6293 6322 6321
21599 6293 6294 6323 6322
21600 6294 1716 1715 6323
22471 57 6237 6266 58
22472 6237 6238 6267 6266
22473 6238 6239 6268 6267
22474 6239 6240 6269 6268
22475 6240 6241 6270 6269
22476 6241 6242 6271 6270
22477 6242 6243 6272 6271
22478 6243 6244 6273 6272
22479 6244 6245 6274 6273
22480 6245 6246 6275 6274
22481 6246 6247 6276 6275
22482 6247 6248 6277 6276
22483 6248 6249 6278 6277
22484 6249 6250 6279 6278
22485 6250 6251 6280 6279
22486 6251 6252 6281 6280
22487 6252 6253 6282 6281
22488 6253 6254 6283 6282
22489 6254 6255 6284 6283
22490 6255 6256 6285 6284
22491 6256 6257 6286 6285
22492 6257 6258 6287 6286
22493 6258 6259 6288 6287
22494 6259 6260 6289 6288
22495 6260 6261 6290 6289
22496 6261 6262 6291 6290
22497 6262 6263 6292 6291
22498 6263 6264 6293 6292
22499 6264 6265 6294 6293
22500 6265 1717 1716 6294
23371 56 6208 6237 57
23372 6208 6209 6238 6237
23373 6209 6210 6239 6238
23374 6210 6211 6240 6239
23375 6211 6212 6241 6240
23376 6212 6213 6242 6241
23377 6213 6214 6243 6242
23378 6214 6215 6244 6243
23379 6215 6216 6245 6244
23380 6216 6217 6246 6245
23381 6217 6218 6247 6246
23382 6218 6219 6248 6247
23383 6219 6220 6249 6248
23384 6220 6221 6250 6249
23385 6221 6222 6251 6250
23386 6222 6223 6252 6251
23387 6223 6224 6253 6252
23388 6224 6225 6254 6253
23389 6225 6226 6255 6254
23390 6226 6227 6256 6255
23391 6227 6228 6257 6256
23392 6228 6229 6258 6257
23393 6229 6230 6259 6258
23394 6230 6231 6260 6259
23395 6231 6232 6261 6260
23396 6232 6233 6262 6261
23397 6233 6234 6263 6262
23398 6234 6235 6264 6263
23399 6235 6236 6265 6264
23400 6236 1718 1717 6265
24271 55 6179 6208 56
24272 6179 6180 6209 6208
24273 6180 6181 6210 6209
24274 6181 6182 6211 6210
24275 6182 6183 6212 6211
24276 6183 6184 6213 6212
24277 6184 6185 6214 6213
24278 6185 6186 6215 6214
24279 6186 6187 6216 6215
24280 6187 6188 6217 6216
24281 6188 6189 6218 6217
24282 6189 6190 6219 6218
24283 6190 6191 6220 6219
24284 6191 6192 6221 6220
24285 6192 6193 6222 6221
24286 6193 6194 6223 6222
24287 6194 6195 6224 6223
24288 6195 6196 6225 6224
24289 6196 6197 6226 6225
24290 6197 6198 6227 6226
24291 6198 6199 6228 6227
24292 6199 6200 6229 6228
24293 6200 6201 6230 6229
24294 6201 6202 6231 6230
24295 6202 6203 6232 6231
24296 6203 6204 6233 6232
24297 6204 6205 6234 6233
24298 6205 6206 6235 6234
24299 6206 6207 6236 6235
24300 6207 1719 1718 6236
25171 54 6150 6179 55
25172 6150 6151 6180 6179
25173 6151 6152 6181 6180
25174 6152 6153 6182 6181
25175 6153 6154 6183 6182
25176 6154 6155 6184 6183
25177 6155 6156 6185 6184
25178 6156 6157 6186 6185
25179 6157 6158 6187 6186
25180 6158 6159 6188 6187
25181 6159 6160 6189 6188
25182 6160 6161 6190 6189
25183 6161 6162 6191 6190
25184 6162 6163 6192 6191
25185 6163 6164 6193 6192
25186 6164 6165 6194 6193
25187 6165 6166 6195 6194
25188 6166 6167 6196 6195
25189 6167 6168 6197 6196
25190 6168 6169 6198 6197
25191 6169 6170 6199 6198
25192 6170 6171 6200 6199
25193 6171 6172 6201 6200
25194 6172 6173 6202 6201
25195 6173 6174 6203 6202
25196 6174 6175 6204 6203
25197 6175 6176 6205 6204
25198 6176 6177 6206 6205
25199 6177 6178 6207 6206
25200 6178 1720 1719 6207
26071 53 6121 6150 54
26072 6121 6122 6151 6150
26073 6122 6123 6152 6151
26074 6123 6124 6153 6152
26075 6124 6125 6154 6153
26076 6125 6126 6155 6154
26077 6126 6127 6156 6155
26078 6127 6128 6157 6156
26079 6128 6129 6158 6157
26080 6129 6130 6159 6158
26081 6130 6131 6160 6159
26082 6131 6132 6161 6160
26083 6132 6133 6162 6161
26084 6133 6134 6163 6162
26085 6134 6135 6164 6163
26086 6135 6136 6165 6164
26087 6136 6137 6166 6165
26088 6137 6138 6167 6166
26089 6138 6139 6168 6167
26090 6139 6140 6169 6168
26091 6140 6141 6170 6169
26092 6141 6142 6171 6170
26093 6142 6143 6172 6171
26094 6143 6144 6173 6172
26095 6144 6145 6174 6173
26096 6145 6146 6175 6174
26097 6146 6147 6176 6175
26098 6147 6148 6177 6176
26099 6148 6149 6178 6177
26100 6149 1721 1720 6178
26971 52 6092 6121 53
26972 6092 6093 6122 6121
26973 6093 6094 6123 6122
26974 6094 6095 6124 6123
26975 6095 6096 6125 6124
26976 6096 6097 6126 6125
26977 6097 6098 6127 6126
26978 6098 6099 6128 6127
26979 6099 6100 6129 6128
26980 6100 6101 6130 6129
26981 6101 6102 6131 6130
26982 6102 6103 6132 6131
26983 6103 6104 6133 6132
26984 6104 6105 6134 6133
26985 6105 6106 6135 6134
26986 6106 6107 6136 6135
26987 6107 6108 6137 6136
26988 6108 6109 6138 6137
26989 6109 6110 6139 6138
26990 6110 6111 6140 6139
26991 6111 6112 6141 6140
26992 6112 6113 6142 6141
26993 6113 6114 6143 6142
26994 6114 6115 6144 6143
26995 6115 6116 6145 6144
26996 6116 6117 6146 6145
26997 6117 6118 6147 6146
26998 6118 6119 6148 6147
26999 6119 6120 6149 6148
27000 6120 1722 1721 6149
27871 51 6063 6092 52
27872 6063 6064 6093 6092
27873 6064 6065 6094 6093
27874 6065 6066 6095 6094
27875 6066 6067 6096 6095
27876 6067 6068 6097 6096
27877 6068 6069 6098 6097
27878 6069 6070 6099 6098
27879 6070 6071 6100 6099
27880 6071 6072 6101 6100
27881 6072 6073 6102 6101
27882 6073 6074 6103 6102
27883 6074 6075 6104 6103
27884 6075 6076 6105 6104
27885 6076 6077 6106 6105
27886 6077 6078 6107 6106
27887 6078 6079 6108 6107
27888 6079 6080 6109 6108
27889 6080 6081 6110 6109
27890 6081 6082 6111 6110
27891 6082 6083 6112 6111
27892 6083 6084 6113 6112
27893 6084 6085 6114 6113
27894 6085 6086 6115 6114
27895 6086 6087 6116 6115
27896 6087 6088 6117 6116
27897 6088 6089 6118 6117
27898 6089 6090 6119 6118
27899 6090 6091 6120 6119
27900 6091 1723 1722 6120
28771 50 6034 6063 51
28772 6034 6035 6064 6063
28773 6035 6036 6065 6064
28774 6036 6037 6066 6065
28775 6037 6038 6067 6066
28776 6038 6039 6068 6067
28777 6039 6040 6069 6068
28778 6040 6041 6070 6069
28779 6041 6042 6071 6070
28780 6042 6043 6072 6071
28781 6043 6044 6073 6072
28782 6044 6045 6074 6073
28783 6045 6046 6075 6074
28784 6046 6047 6076 6075
28785 6047 6048 6077 6076
28786 6048 6049 6078 6077
28787 6049 6050 6079 6078
28788 6050 6051 6080 6079
28789 6051 6052 6081 6080
28790 6052 6053 6082 6081
28791 6053 6054 6083 6082
28792 6054 6055 6084 6083
28793 6055 6056 6085 6084
28794 6056 6057 6086 6085
28795 6057 6058 6087 6086
28796 6058 6059 6088 6087
28797 6059 6060 6089 6088
28798 6060 6061 6090 6089
28799 6061 6062 6091 6090
28800 6062 1724 1723 6091
29671 49 6005 6034 50
29672 6005 6006 6035 6034
29673 6006 6007 6036 6035
29674 6007 6008 6037 6036
29675 6008 6009 6038 6037
29676 6009 6010 6039 6038
29677 6010 6011 6040 6039
29678 6011 6012 6041 6040
29679 6012 6013 6042 6041
29680 6013 6014 6043 6042
29681 6014 6015 6044 6043
29682 6015 6016 6045 6044
29683 6016 6017 6046 6045
29684 6017 6018 6047 6046
29685 6018 6019 6048 6047
29686 6019 6020 6049 6048
29687 6020 6021 6050 6049
29688 6021 6022 6051 6050
29689 6022 6023 6052 6051
29690 6023 6024 6053 6052
29691 6024 6025 6054 6053
29692 6025 6026 6055 6054
29693 6026 6027 6056 6055
29694 6027 6028 6057 6056
29695 6028 6029 6058 6057
29696 6029 6030 6059 6058
29697 6030 6031 6060 6059
29698 6031 6032 6061 6060
29699 6032 6033 6062 6061
29700 6033 1725 1724 6062
30571 48 5976 6005 49
30572 5976 5977 6006 6005
30573 5977 5978 6007 6006
30574 5978 5979 6008 6007
30575 5979 5980 6009 6008
30576 5980 5981 6010 6009
30577 5981 5982 6011 6010
30578 5982 5983 6012 6011
30579 5983 5984 6013 6012
30580 5984 5985 6014 6013
30581 5985 5986 6015 6014
30582 5986 5987 6016 6015
30583 5987 5988 6017 6016
30584 5988 5989 6018 6017
30585 5989 5990 6019 6018
30586 5990 5991 6020 6019
30587 5991 5992 6021 6020
30588 5992 5993 6022 6021
30589 5993 5994 6023 6022
30590 5994 5995 6024 6023
30591 5995 5996 6025 6024
30592 5996 5997 6026 6025
30593 5997 5998 6027 6026
30594 5998 5999 6028 6027
30595 5999 6000 6029 6028
30596 6000 6001 6030 6029
30597 6001 6002 6031 6030
30598 6002 6003 6032 6031
30599 6003 6004 6033 6032
30600 6004 1726 1725 6033
31471 47 5947 5976 48
31472 5947 5948 5977 5976
31473 5948 5949 5978 5977
31474 5949 5950 5979 5978
31475 5950 5951 5980 5979
31476 5951 5952 5981 5980
31477 5952 5953 5982 5981
31478 5953 5954 5983 5982
31479 5954 5955 5984 5983
31480 5955 5956 5985 5984
31481 5956 5957 5986 5985
31482 5957 5958 5987 5986
31483 5958 5959 5988 5987
31484 5959 5960 5989 5988
31485 5960 5961 5990 5989
31486 5961 5962 5991 5990
31487 5962 5963 5992 5991
31488 5963 5964 5993 5992
31489 5964 5965 5994 5993
31490 5965 5966 5995 5994
31491 5966 5967 5996 5995
31492 5967 5968 5997 5996
31493 5968 5969 5998 5997
31494 5969 5970 5999 5998
31495 5970 5971 6000 5999
31496 5971 5972 6001 6000
31497 5972 5973 6002 6001
31498 5973 5974 6003 6002
31499 5974 5975 6004 6003
31500 5975 1727 1726 6004
32371 46 5918 5947 47
32372 5918 5919 5948 5947
32373 5919 5920 5949 5948
32374 5920 5921 5950 5949
32375 5921 5922 5951 5950
32376 5922 5923 5952 5951
32377 5923 5924 5953 5952
32378 5924 5925 5954 5953
32379 5925 5926 5955 5954
32380 5926 5927 5956 5955
32381 5927 5928 5957 5956
32382 5928 5929 5958 5957
32383 5929 5930 5959 5958
32384 5930 5931 5960 5959
32385 5931 5932 5961 5960
32386 5932 5933 5962 5961
32387 5933 5934 5963 5962
32388 5934 5935 5964 5963
32389 5935 5936 5965 5964
32390 5936 5937 5966 5965
32391 5937 5938 5967 5966
32392 5938 5939 5968 5967
32393 5939 5940 5969 5968
32394 5940 5941 5970 5969
32395 5941 5942 5971 5970
32396 5942 5943 5972 5971
32397 5943 5944 5973 5972
32398 5944 5945 5974 5973
32399 5945 5946 5975 5974
32400 5946 1728 1727 5975
33271 45 5889 5918 46
33272 5889 5890 5919 5918
33273 5890 5891 5920 5919
33274 5891 5892 5921 5920
33275 5892 5893 5922 5921
33276 5893 5894 5923 5922
33277 5894 5895 5924 5923
33278 5895 5896 5925 5924
33279 5896 5897 5926 5925
33280 5897 5898 5927 5926
33281 5898 5899 5928 5927
33282 5899 5900 5929 5928
33283 5900 5901 5930 5929
33284 5901 5902 5931 5930
33285 5902 5903 5932 5931
33286 5903 5904 5933 5932
33287 5904 5905 5934 5933
33288 5905 5906 5935 5934
33289 5906 5907 5936 5935
33290 5907 5908 5937 5936
33291 5908 5909 5938 5937
33292 5909 5910 5939 5938
33293 5910 5911 5940 5939
33294 5911 5912 5941 5940
33295 5912 5913 5942 5941
33296 5913 5914 5943 5942
33297 5914 5915 5944 5943
33298 5915 5916 5945 5944
33299 5916 5917 5946 5945
33300 5917 1729 1728 5946
34171 44 5860 5889 45
34172 5860 5861 5890 5889
34173 5861 5862 5891 5890
34174 5862 5863 5892 5891
34175 5863 5864 5893 5892
34176 5864 5865 5894 5893
34177 5865 5866 5895 5894
34178 5866 5867 5896 5895
34179 5867 5868 5897 5896
34180 5868 5869 5898 5897
34181 5869 5870 5899 5898
34182 5870 5871 5900 5899
34183 5871 5872 5901 5900
34184 5872 5873 5902 5901
34185 5873 5874 5903 5902
34186 5874 5875 5904 5903
34187 5875 5876 5905 5904
34188 5876 5877 5906 5905
34189 5877 5878 5907 5906
34190 5878 5879 5908 5907
34191 5879 5880 5909 5908
34192 5880 5881 5910 5909
34193 5881 5882 5911 5910
34194 5882 5883 5912 5911
34195 5883 5884 5913 5912
34196 5884 5885 5914 5913
34197 5885 5886 5915 5914
34198 5886 5887 5916 5915
34199 5887 5888 5917 5916
34200 5888 1730 1729 5917
35071 43 5831 5860 44
35072 5831 5832 5861 5860
35073 5832 5833 5862 5861
35074 5833 5834 5863 5862
35075 5834 5835 5864 5863
35076 5835 5836 5865 5864
35077 5836 5837 5866 5865
35078 5837 5838 5867 5866
35079 5838 5839 5868 5867
35080 5839 5840 5869 5868
35081 5840 5841 5870 5869
35082 5841 5842 5871 5870
35083 5842 5843 5872 5871
35084 5843 5844 5873 5872
35085 5844 5845 5874 5873
35086 5845 5846 5875 5874
35087 5846 5847 5876 5875
35088 5847 5848 5877 5876
35089 5848 5849 5878 5877
35090 5849 5850 5879 5878
35091 5850 5851 5880 5879
35092 5851 5852 5881 5880
35093 5852 5853 5882 5881
35094 5853 5854 5883 5882
35095 5854 5855 5884 5883
35096 5855 5856 5885 5884
35097 5856 5857 5886 5885
35098 5857 5858 5887 5886
35099 5858 5859 5888 5887
35100 5859 1731 1730 5888
35971 42 5802 5831 43
35972 5802 5803 5832 5831
35973 5803 5804 5833 5832
35974 5804 5805 5834 5833
35975 5805 5806 5835 5834
35976 5806 5807 5836 5835
35977 5807 5808 5837 5836
35978 5808 5809 5838 5837
35979 5809 5810 5839 5838
35980 5810 5811 5840 5839
35981 5811 5812 5841 5840
35982 5812 5813 5842 5841
35983 5813 5814 5843 5842
35984 5814 5815 5844 5843
35985 5815 5816 5845 5844
35986 5816 5817 5846 5845
35987 5817 5818 5847 5846
35988 5818 5819 5848 5847
35989 5819 5820 5849 5848
35990 5820 5821 5850 5849
35991 5821 5822 5851 5850
35992 5822 5823 5852 5851
35993 5823 5824 5853 5852
35994 5824 5825 5854 5853
35995 5825 5826 5855 5854
35996 5826 5827 5856 5855
35997 5827 5828 5857 5856
35998 5828 5829 5858 5857
35999 5829 5830 5859 5858
36000 5830 1732 1731 5859
36871 41 5773 5802 42
36872 5773 5774 5803 5802
36873 5774 5775 5804 5803
36874 5775 5776 5805 5804
36875 5776 5777 5806 5805
36876 5777 5778 5807 5806
36877 5778 5779 5808 5807
36878 5779 5780 5809 5808
36879 5780 5781 5810 5809
36880 5781 5782 5811 5810
36881 5782 5783 5812 5811
36882 5783 5784 5813 5812
36883 5784 5785 5814 5813
36884 5785 5786 5815 5814
36885 5786 5787 5816 5815
36886 5787 5788 5817 5816
36887 5788 5789 5818 5817
36888 5789 5790 5819 5818
36889 5790 5791 5820 5819
36890 5791 5792 5821 5820
36891 5792 5793 5822 5821
36892 5793 5794 5823 5822
36893 5794 5795 5824 5823
36894 5795 5796 5825 5824
36895 5796 5797 5826 5825
36896 5797 5798 5827 5826
36897 5798 5799 5828 5827
36898 5799 5800 5829 5828
36899 5800 5801 5830 5829
36900 5801 1733 1732 5830
37771 40 5744 5773 41
37772 5744 5745 5774 5773
37773 5745 5746 5775 5774
37774 5746 5747 5776 5775
37775 5747 5748 5777 5776
37776 5748 5749 5778 5777
37777 5749 5750 5779 5778
37778 5750 5751 5780 5779
37779 5751 5752 5781 5780
37780 5752 5753 5782 5781
37781 5753 5754 5783 5782
37782 5754 5755 5784 5783
37783 5755 5756 5785 5784
37784 5756 5757 5786 5785
37785 5757 5758 5787 5786
37786 5758 5759 5788 5787
37787 5759 5760 5789 5788
37788 5760 5761 5790 5789
37789 5761 5762 5791 5790
37790 5762 5763 5792 5791
37791 5763 5764 5793 5792
37792 5764 5765 5794 5793
37793 5765 5766 5795 5794
37794 5766 5767 5796 5795
37795 5767 5768 5797 5796
37796 5768 5769 5798 5797
37797 5769 5770 5799 5798
37798 5770 5771 5800 5799
37799 5771 5772 5801 5800
37800 5772 1734 1733 5801
38671 39 5715 5744 40
38672 5715 5716 5745 5744
38673 5716 5717 5746 5745
38674 5717 5718 5747 5746
38675 5718 5719 5748 5747
38676 5719 5720 5749 5748
38677 5720 5721 5750 5749
38678 5721 5722 5751 5750
38679 5722 5723 5752 5751
38680 5723 5724 5753 5752
38681 5724 5725 5754 5753
38682 5725 5726 5755 5754
38683 5726 5727 5756 5755
38684 5727 5728 5757 5756
38685 5728 5729 5758 5757
38686 5729 5730 5759 5758
38687 5730 5731 5760 5759
38688 5731 5732 5761 5760
38689 5732 5733 5762 5761
38690 5733 5734 5763 5762
38691 5734 5735 5764 5763
38692 5735 5736 5765 5764
38693 5736 5737 5766 5765
38694 5737 5738 5767 5766
38695 5738 5739 5768 5767
38696 5739 5740 5769 5768
38697 5740 5741 5770 5769
38698 5741 5742 5771 5770
38699 5742 5743 5772 5771
38700 5743 1735 1734 5772
39571 38 5686 5715 39
39572 5686 5687 5716 5715
39573 5687 5688 5717 5716
39574 5688 5689 5718 5717
39575 5689 5690 5719 5718
39576 5690 5691 5720 5719
39577 5691 5692 5721 5720
39578 5692 5693 5722 5721
39579 5693 5694 5723 5722
39580 5694 5695 5724 5723
39581 5695 5696 5725 5724
39582 5696 5697 5726 5725
39583 5697 5698 5727 5726
39584 5698 5699 5728 5727
39585 5699 5700 5729 5728
39586 5700 5701 5730 5729
39587 5701 5702 5731 5730
39588 5702 5703 5732 5731
39589 5703 5704 5733 5732
39590 5704 5705 5734 5733
39591 5705 5706 5735 5734
39592 5706 5707 5736 5735
39593 5707 5708 5737 5736
39594 5708 5709 5738 5737
39595 5709 5710 5739 5738
39596 5710 5711 5740 5739
39597 5711 5712 5741 5740
39598 5712 5713 5742 5741
39599 5713 5714 5743 5742
39600 5714 1736 1735 5743
40471 37 5657 5686 38
40472 5657 5658 5687 5686
40473 5658 5659 5688 5687
40474 5659 5660 5689 5688
40475 5660 5661 5690 5689
40476 5661 5662 5691 5690
40477 5662 5663 5692 5691
40478 5663 5664 5693 5692
40479 5664 5665 5694 5693
40480 5665 5666 5695 5694
40481 5666 5667 5696 5695
40482 5667 5668 5697 5696
40483 5668 5669 5698 5697
40484 5669 5670 5699 5698
40485 5670 5671 5700 5699
40486 5671 5672 5701 5700
40487 5672 5673 5702 5701
40488 5673 5674 5703 5702
40489 5674 5675 5704 5703
40490 5675 5676 5705 5704
40491 5676 5677 5706 5705
40492 5677 5678 5707 5706
40493 5678 5679 5708 5707
40494 5679 5680 5709 5708
40495 5680 5681 5710 5709
40496 5681 5682 5711 5710
40497 5682 5683 5712 5711
40498 5683 5684 5713 5712
40499 5684 5685 5714 5713
40500 5685 1737 1736 5714
41371 36 5628 5657 37
41372 5628 5629 5658 5657
41373 5629 5630 5659 5658
41374 5630 5631 5660 5659
41375 5631 5632 5661 5660
41376 5632 5633 5662 5661
41377 5633 5634 5663 5662
41378 5634 5635 5664 5663
41379 5635 5636 5665 5664
41380 5636 5637 5666 5665
41381 5637 5638 5667 5666
41382 5638 5639 5668 5667
41383 5639 5640 5669 5668
41384 5640 5641 5670 5669
41385 5641 5642 5671 5670
41386 5642 5643 5672 5671
41387 5643 5644 5673 5672
41388 5644 5645 5674 5673
41389 5645 5646 5675 5674
41390 5646 5647 5676 5675
41391 5647 5648 5677 5676
41392 5648 5649 5678 5677
41393 5649 5650 5679 5678
41394 5650 5651 5680 5679
41395 5651 5652 5681 5680
41396 5652 5653 5682 5681
41397 5653 5654 5683 5682
41398 5654 5655 5684 5683
41399 5655 5656 5685 5684
41400 5656 1738 1737 5685
42271 35 5599 5628 36
42272 5599 5600 5629 5628
42273 5600 5601 5630 5629
42274 5601 5602 5631 5630
42275 5602 5603 5632 5631
42276 5603 5604 5633 5632
42277 5604 5605 5634 5633
42278 5605 5606 5635 5634
42279 5606 5607 5636 5635
42280 5607 5608 5637 5636
42281 5608 5609 5638 5637
42282 5609 5610 5639 5638
42283 5610 5611 5640 5639
42284 5611 5612 5641 5640
42285 5612 5613 5642 5641
42286 5613 5614 5643 5642
42287 5614 5615 5644 5643
42288 5615 5616 5645 5644
42289 5616 5617 5646 5645
42290 5617 5618 5647 5646
42291 5618 5619 5648 5647
42292 5619 5620 5649 5648
42293 5620 5621 5650 5649
42294 5621 5622 5651 5650
42295 5622 5623 5652 5651
42296 5623 5624 5653 5652
42297 5624 5625 5654 5653
42298 5625 5626 5655 5654
42299 5626 5627 5656 5655
42300 5627 1739 1738 5656
43171 34 5570 5599 35
43172 5570 5571 5600 5599
43173 5571 5572 5601 5600
43174 5572 5573 5602 5601
43175 5573 5574 5603 5602
43176 5574 5575 5604 5603
43177 5575 5576 5605 5604
43178 5576 5577 5606 5605
43179 5577 5578 5607 5606
43180 5578 5579 5608 5607
43181 5579 5580 5609 5608
43182 5580 5581 5610 5609
43183 5581 5582 5611 5610
43184 5582 5583 5612 5611
43185 5583 5584 5613 5612
43186 5584 5585 5614 5613
43187 5585 5586 5615 5614
43188 5586 5587 5616 5615
43189 5587 5588 5617 5616
43190 5588 5589 5618 5617
43191 5589 5590 5619 5618
43192 5590 5591 5620 5619
43193 5591 5592 5621 5620
43194 5592 5593 5622 5621
43195 5593 5594 5623 5622
43196 5594 5595 5624 5623
43197 5595 5596 5625 5624
43198 5596 5597 5626 5625
43199 5597 5598 5627 5626
43200 5598 1740 1739 5627
44071 33 5541 5570 34
44072 5541 5542 5571 5570
44073 5542 5543 5572 5571
44074 5543 5544 5573 5572
44075 5544 5545 5574 5573
44076 5545 5546 5575 5574
44077 5546 5547 5576 5575
44078 5547 5548 5577 5576
44079 5548 5549 5578 5577
44080 5549 5550 5579 5578
44081 5550 5551 5580 5579
44082 5551 5552 5581 5580
44083 5552 5553 5582 5581
44084 5553 5554 5583 5582
44085 5554 5555 5584 5583
44086 5555 5556 5585 5584
44087 5556 5557 5586 5585
44088 5557 5558 5587 5586
44089 5558 5559 5588 5587
44090 5559 5560 5589 5588
44091 5560 5561 5590 5589
44092 5561 5562 5591 5590
44093 5562 5563 5592 5591
44094 5563 5564 5593 5592
44095 5564 5565 5594 5593
44096 5565 5566 5595 5594
44097 5566 5567 5596 5595
44098 5567 5568 5597 5596
44099 5568 5569 5598 5597
44100 5569 1741 1740 5598
44971 2 5512 5541 33
44972 5512 5513 5542 5541
44973 5513 5514 5543 5542
44974 5514 5515 5544 5543
44975 5515 5516 5545 5544
44976 5516 5517 5546 5545
44977 5517 5518 5547 5546
44978 5518 5519 5548 5547
44979 5519 5520 5549 5548
44980 5520 5521 5550 5549
44981 5521 5522 5551 5550
44982 5522 5523 5552 5551
44983 5523 5524 5553 5552
44984 5524 5525 5554 5553
44985 5525 5526 5555 5554
44986 5526 5527 5556 5555
44987 5527 5528 5557 5556
44988 5528 5529 5558 5557
44989 5529 5530 5559 5558
44990 5530 5531 5560 5559
44991 5531 5532 5561 5560
44992 5532 5533 5562 5561
44993 5533 5534 5563 5562
44994 5534 5535 5564 5563
44995 5535 5536 5565 5564
44996 5536 5537 5566 5565
44997 5537 5538 5567 5566
44998 5538 5539 5568 5567
44999 5539 5540 5569 5568
45000 5540 1582 1741 5569
