      1500
1 82 3163 3221 112
2 3163 3164 3222 3221
3 3164 3165 3223 3222
4 3165 3166 3224 3223
5 3166 3167 3225 3224
6 3167 3168 3226 3225
7 3168 3169 3227 3226
8 3169 3170 3228 3227
9 3170 3171 3229 3228
10 3171 3172 3230 3229
11 3172 3173 3231 3230
12 3173 3174 3232 3231
13 3174 3175 3233 3232
14 3175 3176 3234 3233
15 3176 3177 3235 3234
16 3177 3178 3236 3235
17 3178 3179 3237 3236
18 3179 3180 3238 3237
19 3180 3181 3239 3238
20 3181 3182 3240 3239
21 3182 3183 3241 3240
22 3183 3184 3242 3241
23 3184 3185 3243 3242
24 3185 3186 3244 3243
25 3186 3187 3245 3244
26 3187 3188 3246 3245
27 3188 3189 3247 3246
28 3189 3190 3248 3247
29 3190 3191 3249 3248
30 3191 1613 1662 3249
901 112 3221 3250 113
902 3221 3222 3251 3250
903 3222 3223 3252 3251
904 3223 3224 3253 3252
905 3224 3225 3254 3253
906 3225 3226 3255 3254
907 3226 3227 3256 3255
908 3227 3228 3257 3256
909 3228 3229 3258 3257
910 3229 3230 3259 3258
911 3230 3231 3260 3259
912 3231 3232 3261 3260
913 3232 3233 3262 3261
914 3233 3234 3263 3262
915 3234 3235 3264 3263
916 3235 3236 3265 3264
917 3236 3237 3266 3265
918 3237 3238 3267 3266
919 3238 3239 3268 3267
920 3239 3240 3269 3268
921 3240 3241 3270 3269
922 3241 3242 3271 3270
923 3242 3243 3272 3271
924 3243 3244 3273 3272
925 3244 3245 3274 3273
926 3245 3246 3275 3274
927 3246 3247 3276 3275
928 3247 3248 3277 3276
929 3248 3249 3278 3277
930 3249 1662 1661 3278
1801 113 3250 3279 114
1802 3250 3251 3280 3279
1803 3251 3252 3281 3280
1804 3252 3253 3282 3281
1805 3253 3254 3283 3282
1806 3254 3255 3284 3283
1807 3255 3256 3285 3284
1808 3256 3257 3286 3285
1809 3257 3258 3287 3286
1810 3258 3259 3288 3287
1811 3259 3260 3289 3288
1812 3260 3261 3290 3289
1813 3261 3262 3291 3290
1814 3262 3263 3292 3291
1815 3263 3264 3293 3292
1816 3264 3265 3294 3293
1817 3265 3266 3295 3294
1818 3266 3267 3296 3295
1819 3267 3268 3297 3296
1820 3268 3269 3298 3297
1821 3269 3270 3299 3298
1822 3270 3271 3300 3299
1823 3271 3272 3301 3300
1824 3272 3273 3302 3301
1825 3273 3274 3303 3302
1826 3274 3275 3304 3303
1827 3275 3276 3305 3304
1828 3276 3277 3306 3305
1829 3277 3278 3307 3306
1830 3278 1661 1660 3307
2701 114 3279 3308 115
2702 3279 3280 3309 3308
2703 3280 3281 3310 3309
2704 3281 3282 3311 3310
2705 3282 3283 3312 3311
2706 3283 3284 3313 3312
2707 3284 3285 3314 3313
2708 3285 3286 3315 3314
2709 3286 3287 3316 3315
2710 3287 3288 3317 3316
2711 3288 3289 3318 3317
2712 3289 3290 3319 3318
2713 3290 3291 3320 3319
2714 3291 3292 3321 3320
2715 3292 3293 3322 3321
2716 3293 3294 3323 3322
2717 3294 3295 3324 3323
2718 3295 3296 3325 3324
2719 3296 3297 3326 3325
2720 3297 3298 3327 3326
2721 3298 3299 3328 3327
2722 3299 3300 3329 3328
2723 3300 3301 3330 3329
2724 3301 3302 3331 3330
2725 3302 3303 3332 3331
2726 3303 3304 3333 3332
2727 3304 3305 3334 3333
2728 3305 3306 3335 3334
2729 3306 3307 3336 3335
2730 3307 1660 1659 3336
3601 115 3308 3337 116
3602 3308 3309 3338 3337
3603 3309 3310 3339 3338
3604 3310 3311 3340 3339
3605 3311 3312 3341 3340
3606 3312 3313 3342 3341
3607 3313 3314 3343 3342
3608 3314 3315 3344 3343
3609 3315 3316 3345 3344
3610 3316 3317 3346 3345
3611 3317 3318 3347 3346
3612 3318 3319 3348 3347
3613 3319 3320 3349 3348
3614 3320 3321 3350 3349
3615 3321 3322 3351 3350
3616 3322 3323 3352 3351
3617 3323 3324 3353 3352
3618 3324 3325 3354 3353
3619 3325 3326 3355 3354
3620 3326 3327 3356 3355
3621 3327 3328 3357 3356
3622 3328 3329 3358 3357
3623 3329 3330 3359 3358
3624 3330 3331 3360 3359
3625 3331 3332 3361 3360
3626 3332 3333 3362 3361
3627 3333 3334 3363 3362
3628 3334 3335 3364 3363
3629 3335 3336 3365 3364
3630 3336 1659 1658 3365
4501 116 3337 3366 117
4502 3337 3338 3367 3366
4503 3338 3339 3368 3367
4504 3339 3340 3369 3368
4505 3340 3341 3370 3369
4506 3341 3342 3371 3370
4507 3342 3343 3372 3371
4508 3343 3344 3373 3372
4509 3344 3345 3374 3373
4510 3345 3346 3375 3374
4511 3346 3347 3376 3375
4512 3347 3348 3377 3376
4513 3348 3349 3378 3377
4514 3349 3350 3379 3378
4515 3350 3351 3380 3379
4516 3351 3352 3381 3380
4517 3352 3353 3382 3381
4518 3353 3354 3383 3382
4519 3354 3355 3384 3383
4520 3355 3356 3385 3384
4521 3356 3357 3386 3385
4522 3357 3358 3387 3386
4523 3358 3359 3388 3387
4524 3359 3360 3389 3388
4525 3360 3361 3390 3389
4526 3361 3362 3391 3390
4527 3362 3363 3392 3391
4528 3363 3364 3393 3392
4529 3364 3365 3394 3393
4530 3365 1658 1657 3394
5401 117 3366 3395 118
5402 3366 3367 3396 3395
5403 3367 3368 3397 3396
5404 3368 3369 3398 3397
5405 3369 3370 3399 3398
5406 3370 3371 3400 3399
5407 3371 3372 3401 3400
5408 3372 3373 3402 3401
5409 3373 3374 3403 3402
5410 3374 3375 3404 3403
5411 3375 3376 3405 3404
5412 3376 3377 3406 3405
5413 3377 3378 3407 3406
5414 3378 3379 3408 3407
5415 3379 3380 3409 3408
5416 3380 3381 3410 3409
5417 3381 3382 3411 3410
5418 3382 3383 3412 3411
5419 3383 3384 3413 3412
5420 3384 3385 3414 3413
5421 3385 3386 3415 3414
5422 3386 3387 3416 3415
5423 3387 3388 3417 3416
5424 3388 3389 3418 3417
5425 3389 3390 3419 3418
5426 3390 3391 3420 3419
5427 3391 3392 3421 3420
5428 3392 3393 3422 3421
5429 3393 3394 3423 3422
5430 3394 1657 1656 3423
6301 118 3395 3424 119
6302 3395 3396 3425 3424
6303 3396 3397 3426 3425
6304 3397 3398 3427 3426
6305 3398 3399 3428 3427
6306 3399 3400 3429 3428
6307 3400 3401 3430 3429
6308 3401 3402 3431 3430
6309 3402 3403 3432 3431
6310 3403 3404 3433 3432
6311 3404 3405 3434 3433
6312 3405 3406 3435 3434
6313 3406 3407 3436 3435
6314 3407 3408 3437 3436
6315 3408 3409 3438 3437
6316 3409 3410 3439 3438
6317 3410 3411 3440 3439
6318 3411 3412 3441 3440
6319 3412 3413 3442 3441
6320 3413 3414 3443 3442
6321 3414 3415 3444 3443
6322 3415 3416 3445 3444
6323 3416 3417 3446 3445
6324 3417 3418 3447 3446
6325 3418 3419 3448 3447
6326 3419 3420 3449 3448
6327 3420 3421 3450 3449
6328 3421 3422 3451 3450
6329 3422 3423 3452 3451
6330 3423 1656 1655 3452
7201 119 3424 3453 120
7202 3424 3425 3454 3453
7203 3425 3426 3455 3454
7204 3426 3427 3456 3455
7205 3427 3428 3457 3456
7206 3428 3429 3458 3457
7207 3429 3430 3459 3458
7208 3430 3431 3460 3459
7209 3431 3432 3461 3460
7210 3432 3433 3462 3461
7211 3433 3434 3463 3462
7212 3434 3435 3464 3463
7213 3435 3436 3465 3464
7214 3436 3437 3466 3465
7215 3437 3438 3467 3466
7216 3438 3439 3468 3467
7217 3439 3440 3469 3468
7218 3440 3441 3470 3469
7219 3441 3442 3471 3470
7220 3442 3443 3472 3471
7221 3443 3444 3473 3472
7222 3444 3445 3474 3473
7223 3445 3446 3475 3474
7224 3446 3447 3476 3475
7225 3447 3448 3477 3476
7226 3448 3449 3478 3477
7227 3449 3450 3479 3478
7228 3450 3451 3480 3479
7229 3451 3452 3481 3480
7230 3452 1655 1654 3481
8101 120 3453 3482 121
8102 3453 3454 3483 3482
8103 3454 3455 3484 3483
8104 3455 3456 3485 3484
8105 3456 3457 3486 3485
8106 3457 3458 3487 3486
8107 3458 3459 3488 3487
8108 3459 3460 3489 3488
8109 3460 3461 3490 3489
8110 3461 3462 3491 3490
8111 3462 3463 3492 3491
8112 3463 3464 3493 3492
8113 3464 3465 3494 3493
8114 3465 3466 3495 3494
8115 3466 3467 3496 3495
8116 3467 3468 3497 3496
8117 3468 3469 3498 3497
8118 3469 3470 3499 3498
8119 3470 3471 3500 3499
8120 3471 3472 3501 3500
8121 3472 3473 3502 3501
8122 3473 3474 3503 3502
8123 3474 3475 3504 3503
8124 3475 3476 3505 3504
8125 3476 3477 3506 3505
8126 3477 3478 3507 3506
8127 3478 3479 3508 3507
8128 3479 3480 3509 3508
8129 3480 3481 3510 3509
8130 3481 1654 1653 3510
9001 121 3482 3511 122
9002 3482 3483 3512 3511
9003 3483 3484 3513 3512
9004 3484 3485 3514 3513
9005 3485 3486 3515 3514
9006 3486 3487 3516 3515
9007 3487 3488 3517 3516
9008 3488 3489 3518 3517
9009 3489 3490 3519 3518
9010 3490 3491 3520 3519
9011 3491 3492 3521 3520
9012 3492 3493 3522 3521
9013 3493 3494 3523 3522
9014 3494 3495 3524 3523
9015 3495 3496 3525 3524
9016 3496 3497 3526 3525
9017 3497 3498 3527 3526
9018 3498 3499 3528 3527
9019 3499 3500 3529 3528
9020 3500 3501 3530 3529
9021 3501 3502 3531 3530
9022 3502 3503 3532 3531
9023 3503 3504 3533 3532
9024 3504 3505 3534 3533
9025 3505 3506 3535 3534
9026 3506 3507 3536 3535
9027 3507 3508 3537 3536
9028 3508 3509 3538 3537
9029 3509 3510 3539 3538
9030 3510 1653 1652 3539
9901 122 3511 3540 123
9902 3511 3512 3541 3540
9903 3512 3513 3542 3541
9904 3513 3514 3543 3542
9905 3514 3515 3544 3543
9906 3515 3516 3545 3544
9907 3516 3517 3546 3545
9908 3517 3518 3547 3546
9909 3518 3519 3548 3547
9910 3519 3520 3549 3548
9911 3520 3521 3550 3549
9912 3521 3522 3551 3550
9913 3522 3523 3552 3551
9914 3523 3524 3553 3552
9915 3524 3525 3554 3553
9916 3525 3526 3555 3554
9917 3526 3527 3556 3555
9918 3527 3528 3557 3556
9919 3528 3529 3558 3557
9920 3529 3530 3559 3558
9921 3530 3531 3560 3559
9922 3531 3532 3561 3560
9923 3532 3533 3562 3561
9924 3533 3534 3563 3562
9925 3534 3535 3564 3563
9926 3535 3536 3565 3564
9927 3536 3537 3566 3565
9928 3537 3538 3567 3566
9929 3538 3539 3568 3567
9930 3539 1652 1651 3568
10801 123 3540 3569 124
10802 3540 3541 3570 3569
10803 3541 3542 3571 3570
10804 3542 3543 3572 3571
10805 3543 3544 3573 3572
10806 3544 3545 3574 3573
10807 3545 3546 3575 3574
10808 3546 3547 3576 3575
10809 3547 3548 3577 3576
10810 3548 3549 3578 3577
10811 3549 3550 3579 3578
10812 3550 3551 3580 3579
10813 3551 3552 3581 3580
10814 3552 3553 3582 3581
10815 3553 3554 3583 3582
10816 3554 3555 3584 3583
10817 3555 3556 3585 3584
10818 3556 3557 3586 3585
10819 3557 3558 3587 3586
10820 3558 3559 3588 3587
10821 3559 3560 3589 3588
10822 3560 3561 3590 3589
10823 3561 3562 3591 3590
10824 3562 3563 3592 3591
10825 3563 3564 3593 3592
10826 3564 3565 3594 3593
10827 3565 3566 3595 3594
10828 3566 3567 3596 3595
10829 3567 3568 3597 3596
10830 3568 1651 1650 3597
11701 124 3569 3598 125
11702 3569 3570 3599 3598
11703 3570 3571 3600 3599
11704 3571 3572 3601 3600
11705 3572 3573 3602 3601
11706 3573 3574 3603 3602
11707 3574 3575 3604 3603
11708 3575 3576 3605 3604
11709 3576 3577 3606 3605
11710 3577 3578 3607 3606
11711 3578 3579 3608 3607
11712 3579 3580 3609 3608
11713 3580 3581 3610 3609
11714 3581 3582 3611 3610
11715 3582 3583 3612 3611
11716 3583 3584 3613 3612
11717 3584 3585 3614 3613
11718 3585 3586 3615 3614
11719 3586 3587 3616 3615
11720 3587 3588 3617 3616
11721 3588 3589 3618 3617
11722 3589 3590 3619 3618
11723 3590 3591 3620 3619
11724 3591 3592 3621 3620
11725 3592 3593 3622 3621
11726 3593 3594 3623 3622
11727 3594 3595 3624 3623
11728 3595 3596 3625 3624
11729 3596 3597 3626 3625
11730 3597 1650 1649 3626
12601 125 3598 3627 126
12602 3598 3599 3628 3627
12603 3599 3600 3629 3628
12604 3600 3601 3630 3629
12605 3601 3602 3631 3630
12606 3602 3603 3632 3631
12607 3603 3604 3633 3632
12608 3604 3605 3634 3633
12609 3605 3606 3635 3634
12610 3606 3607 3636 3635
12611 3607 3608 3637 3636
12612 3608 3609 3638 3637
12613 3609 3610 3639 3638
12614 3610 3611 3640 3639
12615 3611 3612 3641 3640
12616 3612 3613 3642 3641
12617 3613 3614 3643 3642
12618 3614 3615 3644 3643
12619 3615 3616 3645 3644
12620 3616 3617 3646 3645
12621 3617 3618 3647 3646
12622 3618 3619 3648 3647
12623 3619 3620 3649 3648
12624 3620 3621 3650 3649
12625 3621 3622 3651 3650
12626 3622 3623 3652 3651
12627 3623 3624 3653 3652
12628 3624 3625 3654 3653
12629 3625 3626 3655 3654
12630 3626 1649 1648 3655
13501 126 3627 3656 127
13502 3627 3628 3657 3656
13503 3628 3629 3658 3657
13504 3629 3630 3659 3658
13505 3630 3631 3660 3659
13506 3631 3632 3661 3660
13507 3632 3633 3662 3661
13508 3633 3634 3663 3662
13509 3634 3635 3664 3663
13510 3635 3636 3665 3664
13511 3636 3637 3666 3665
13512 3637 3638 3667 3666
13513 3638 3639 3668 3667
13514 3639 3640 3669 3668
13515 3640 3641 3670 3669
13516 3641 3642 3671 3670
13517 3642 3643 3672 3671
13518 3643 3644 3673 3672
13519 3644 3645 3674 3673
13520 3645 3646 3675 3674
13521 3646 3647 3676 3675
13522 3647 3648 3677 3676
13523 3648 3649 3678 3677
13524 3649 3650 3679 3678
13525 3650 3651 3680 3679
13526 3651 3652 3681 3680
13527 3652 3653 3682 3681
13528 3653 3654 3683 3682
13529 3654 3655 3684 3683
13530 3655 1648 1647 3684
14401 127 3656 3685 128
14402 3656 3657 3686 3685
14403 3657 3658 3687 3686
14404 3658 3659 3688 3687
14405 3659 3660 3689 3688
14406 3660 3661 3690 3689
14407 3661 3662 3691 3690
14408 3662 3663 3692 3691
14409 3663 3664 3693 3692
14410 3664 3665 3694 3693
14411 3665 3666 3695 3694
14412 3666 3667 3696 3695
14413 3667 3668 3697 3696
14414 3668 3669 3698 3697
14415 3669 3670 3699 3698
14416 3670 3671 3700 3699
14417 3671 3672 3701 3700
14418 3672 3673 3702 3701
14419 3673 3674 3703 3702
14420 3674 3675 3704 3703
14421 3675 3676 3705 3704
14422 3676 3677 3706 3705
14423 3677 3678 3707 3706
14424 3678 3679 3708 3707
14425 3679 3680 3709 3708
14426 3680 3681 3710 3709
14427 3681 3682 3711 3710
14428 3682 3683 3712 3711
14429 3683 3684 3713 3712
14430 3684 1647 1646 3713
15301 128 3685 3714 129
15302 3685 3686 3715 3714
15303 3686 3687 3716 3715
15304 3687 3688 3717 3716
15305 3688 3689 3718 3717
15306 3689 3690 3719 3718
15307 3690 3691 3720 3719
15308 3691 3692 3721 3720
15309 3692 3693 3722 3721
15310 3693 3694 3723 3722
15311 3694 3695 3724 3723
15312 3695 3696 3725 3724
15313 3696 3697 3726 3725
15314 3697 3698 3727 3726
15315 3698 3699 3728 3727
15316 3699 3700 3729 3728
15317 3700 3701 3730 3729
15318 3701 3702 3731 3730
15319 3702 3703 3732 3731
15320 3703 3704 3733 3732
15321 3704 3705 3734 3733
15322 3705 3706 3735 3734
15323 3706 3707 3736 3735
15324 3707 3708 3737 3736
15325 3708 3709 3738 3737
15326 3709 3710 3739 3738
15327 3710 3711 3740 3739
15328 3711 3712 3741 3740
15329 3712 3713 3742 3741
15330 3713 1646 1645 3742
16201 129 3714 3743 130
16202 3714 3715 3744 3743
16203 3715 3716 3745 3744
16204 3716 3717 3746 3745
16205 3717 3718 3747 3746
16206 3718 3719 3748 3747
16207 3719 3720 3749 3748
16208 3720 3721 3750 3749
16209 3721 3722 3751 3750
16210 3722 3723 3752 3751
16211 3723 3724 3753 3752
16212 3724 3725 3754 3753
16213 3725 3726 3755 3754
16214 3726 3727 3756 3755
16215 3727 3728 3757 3756
16216 3728 3729 3758 3757
16217 3729 3730 3759 3758
16218 3730 3731 3760 3759
16219 3731 3732 3761 3760
16220 3732 3733 3762 3761
16221 3733 3734 3763 3762
16222 3734 3735 3764 3763
16223 3735 3736 3765 3764
16224 3736 3737 3766 3765
16225 3737 3738 3767 3766
16226 3738 3739 3768 3767
16227 3739 3740 3769 3768
16228 3740 3741 3770 3769
16229 3741 3742 3771 3770
16230 3742 1645 1644 3771
17101 130 3743 3772 131
17102 3743 3744 3773 3772
17103 3744 3745 3774 3773
17104 3745 3746 3775 3774
17105 3746 3747 3776 3775
17106 3747 3748 3777 3776
17107 3748 3749 3778 3777
17108 3749 3750 3779 3778
17109 3750 3751 3780 3779
17110 3751 3752 3781 3780
17111 3752 3753 3782 3781
17112 3753 3754 3783 3782
17113 3754 3755 3784 3783
17114 3755 3756 3785 3784
17115 3756 3757 3786 3785
17116 3757 3758 3787 3786
17117 3758 3759 3788 3787
17118 3759 3760 3789 3788
17119 3760 3761 3790 3789
17120 3761 3762 3791 3790
17121 3762 3763 3792 3791
17122 3763 3764 3793 3792
17123 3764 3765 3794 3793
17124 3765 3766 3795 3794
17125 3766 3767 3796 3795
17126 3767 3768 3797 3796
17127 3768 3769 3798 3797
17128 3769 3770 3799 3798
17129 3770 3771 3800 3799
17130 3771 1644 1643 3800
18001 131 3772 3801 132
18002 3772 3773 3802 3801
18003 3773 3774 3803 3802
18004 3774 3775 3804 3803
18005 3775 3776 3805 3804
18006 3776 3777 3806 3805
18007 3777 3778 3807 3806
18008 3778 3779 3808 3807
18009 3779 3780 3809 3808
18010 3780 3781 3810 3809
18011 3781 3782 3811 3810
18012 3782 3783 3812 3811
18013 3783 3784 3813 3812
18014 3784 3785 3814 3813
18015 3785 3786 3815 3814
18016 3786 3787 3816 3815
18017 3787 3788 3817 3816
18018 3788 3789 3818 3817
18019 3789 3790 3819 3818
18020 3790 3791 3820 3819
18021 3791 3792 3821 3820
18022 3792 3793 3822 3821
18023 3793 3794 3823 3822
18024 3794 3795 3824 3823
18025 3795 3796 3825 3824
18026 3796 3797 3826 3825
18027 3797 3798 3827 3826
18028 3798 3799 3828 3827
18029 3799 3800 3829 3828
18030 3800 1643 1642 3829
18901 132 3801 3830 133
18902 3801 3802 3831 3830
18903 3802 3803 3832 3831
18904 3803 3804 3833 3832
18905 3804 3805 3834 3833
18906 3805 3806 3835 3834
18907 3806 3807 3836 3835
18908 3807 3808 3837 3836
18909 3808 3809 3838 3837
18910 3809 3810 3839 3838
18911 3810 3811 3840 3839
18912 3811 3812 3841 3840
18913 3812 3813 3842 3841
18914 3813 3814 3843 3842
18915 3814 3815 3844 3843
18916 3815 3816 3845 3844
18917 3816 3817 3846 3845
18918 3817 3818 3847 3846
18919 3818 3819 3848 3847
18920 3819 3820 3849 3848
18921 3820 3821 3850 3849
18922 3821 3822 3851 3850
18923 3822 3823 3852 3851
18924 3823 3824 3853 3852
18925 3824 3825 3854 3853
18926 3825 3826 3855 3854
18927 3826 3827 3856 3855
18928 3827 3828 3857 3856
18929 3828 3829 3858 3857
18930 3829 1642 1641 3858
19801 133 3830 3859 134
19802 3830 3831 3860 3859
19803 3831 3832 3861 3860
19804 3832 3833 3862 3861
19805 3833 3834 3863 3862
19806 3834 3835 3864 3863
19807 3835 3836 3865 3864
19808 3836 3837 3866 3865
19809 3837 3838 3867 3866
19810 3838 3839 3868 3867
19811 3839 3840 3869 3868
19812 3840 3841 3870 3869
19813 3841 3842 3871 3870
19814 3842 3843 3872 3871
19815 3843 3844 3873 3872
19816 3844 3845 3874 3873
19817 3845 3846 3875 3874
19818 3846 3847 3876 3875
19819 3847 3848 3877 3876
19820 3848 3849 3878 3877
19821 3849 3850 3879 3878
19822 3850 3851 3880 3879
19823 3851 3852 3881 3880
19824 3852 3853 3882 3881
19825 3853 3854 3883 3882
19826 3854 3855 3884 3883
19827 3855 3856 3885 3884
19828 3856 3857 3886 3885
19829 3857 3858 3887 3886
19830 3858 1641 1640 3887
20701 134 3859 3888 135
20702 3859 3860 3889 3888
20703 3860 3861 3890 3889
20704 3861 3862 3891 3890
20705 3862 3863 3892 3891
20706 3863 3864 3893 3892
20707 3864 3865 3894 3893
20708 3865 3866 3895 3894
20709 3866 3867 3896 3895
20710 3867 3868 3897 3896
20711 3868 3869 3898 3897
20712 3869 3870 3899 3898
20713 3870 3871 3900 3899
20714 3871 3872 3901 3900
20715 3872 3873 3902 3901
20716 3873 3874 3903 3902
20717 3874 3875 3904 3903
20718 3875 3876 3905 3904
20719 3876 3877 3906 3905
20720 3877 3878 3907 3906
20721 3878 3879 3908 3907
20722 3879 3880 3909 3908
20723 3880 3881 3910 3909
20724 3881 3882 3911 3910
20725 3882 3883 3912 3911
20726 3883 3884 3913 3912
20727 3884 3885 3914 3913
20728 3885 3886 3915 3914
20729 3886 3887 3916 3915
20730 3887 1640 1639 3916
21601 135 3888 3917 136
21602 3888 3889 3918 3917
21603 3889 3890 3919 3918
21604 3890 3891 3920 3919
21605 3891 3892 3921 3920
21606 3892 3893 3922 3921
21607 3893 3894 3923 3922
21608 3894 3895 3924 3923
21609 3895 3896 3925 3924
21610 3896 3897 3926 3925
21611 3897 3898 3927 3926
21612 3898 3899 3928 3927
21613 3899 3900 3929 3928
21614 3900 3901 3930 3929
21615 3901 3902 3931 3930
21616 3902 3903 3932 3931
21617 3903 3904 3933 3932
21618 3904 3905 3934 3933
21619 3905 3906 3935 3934
21620 3906 3907 3936 3935
21621 3907 3908 3937 3936
21622 3908 3909 3938 3937
21623 3909 3910 3939 3938
21624 3910 3911 3940 3939
21625 3911 3912 3941 3940
21626 3912 3913 3942 3941
21627 3913 3914 3943 3942
21628 3914 3915 3944 3943
21629 3915 3916 3945 3944
21630 3916 1639 1638 3945
22501 136 3917 3946 137
22502 3917 3918 3947 3946
22503 3918 3919 3948 3947
22504 3919 3920 3949 3948
22505 3920 3921 3950 3949
22506 3921 3922 3951 3950
22507 3922 3923 3952 3951
22508 3923 3924 3953 3952
22509 3924 3925 3954 3953
22510 3925 3926 3955 3954
22511 3926 3927 3956 3955
22512 3927 3928 3957 3956
22513 3928 3929 3958 3957
22514 3929 3930 3959 3958
22515 3930 3931 3960 3959
22516 3931 3932 3961 3960
22517 3932 3933 3962 3961
22518 3933 3934 3963 3962
22519 3934 3935 3964 3963
22520 3935 3936 3965 3964
22521 3936 3937 3966 3965
22522 3937 3938 3967 3966
22523 3938 3939 3968 3967
22524 3939 3940 3969 3968
22525 3940 3941 3970 3969
22526 3941 3942 3971 3970
22527 3942 3943 3972 3971
22528 3943 3944 3973 3972
22529 3944 3945 3974 3973
22530 3945 1638 1637 3974
23401 137 3946 3975 138
23402 3946 3947 3976 3975
23403 3947 3948 3977 3976
23404 3948 3949 3978 3977
23405 3949 3950 3979 3978
23406 3950 3951 3980 3979
23407 3951 3952 3981 3980
23408 3952 3953 3982 3981
23409 3953 3954 3983 3982
23410 3954 3955 3984 3983
23411 3955 3956 3985 3984
23412 3956 3957 3986 3985
23413 3957 3958 3987 3986
23414 3958 3959 3988 3987
23415 3959 3960 3989 3988
23416 3960 3961 3990 3989
23417 3961 3962 3991 3990
23418 3962 3963 3992 3991
23419 3963 3964 3993 3992
23420 3964 3965 3994 3993
23421 3965 3966 3995 3994
23422 3966 3967 3996 3995
23423 3967 3968 3997 3996
23424 3968 3969 3998 3997
23425 3969 3970 3999 3998
23426 3970 3971 4000 3999
23427 3971 3972 4001 4000
23428 3972 3973 4002 4001
23429 3973 3974 4003 4002
23430 3974 1637 1636 4003
24301 138 3975 4004 139
24302 3975 3976 4005 4004
24303 3976 3977 4006 4005
24304 3977 3978 4007 4006
24305 3978 3979 4008 4007
24306 3979 3980 4009 4008
24307 3980 3981 4010 4009
24308 3981 3982 4011 4010
24309 3982 3983 4012 4011
24310 3983 3984 4013 4012
24311 3984 3985 4014 4013
24312 3985 3986 4015 4014
24313 3986 3987 4016 4015
24314 3987 3988 4017 4016
24315 3988 3989 4018 4017
24316 3989 3990 4019 4018
24317 3990 3991 4020 4019
24318 3991 3992 4021 4020
24319 3992 3993 4022 4021
24320 3993 3994 4023 4022
24321 3994 3995 4024 4023
24322 3995 3996 4025 4024
24323 3996 3997 4026 4025
24324 3997 3998 4027 4026
24325 3998 3999 4028 4027
24326 3999 4000 4029 4028
24327 4000 4001 4030 4029
24328 4001 4002 4031 4030
24329 4002 4003 4032 4031
24330 4003 1636 1635 4032
25201 139 4004 4033 140
25202 4004 4005 4034 4033
25203 4005 4006 4035 4034
25204 4006 4007 4036 4035
25205 4007 4008 4037 4036
25206 4008 4009 4038 4037
25207 4009 4010 4039 4038
25208 4010 4011 4040 4039
25209 4011 4012 4041 4040
25210 4012 4013 4042 4041
25211 4013 4014 4043 4042
25212 4014 4015 4044 4043
25213 4015 4016 4045 4044
25214 4016 4017 4046 4045
25215 4017 4018 4047 4046
25216 4018 4019 4048 4047
25217 4019 4020 4049 4048
25218 4020 4021 4050 4049
25219 4021 4022 4051 4050
25220 4022 4023 4052 4051
25221 4023 4024 4053 4052
25222 4024 4025 4054 4053
25223 4025 4026 4055 4054
25224 4026 4027 4056 4055
25225 4027 4028 4057 4056
25226 4028 4029 4058 4057
25227 4029 4030 4059 4058
25228 4030 4031 4060 4059
25229 4031 4032 4061 4060
25230 4032 1635 1634 4061
26101 140 4033 4062 141
26102 4033 4034 4063 4062
26103 4034 4035 4064 4063
26104 4035 4036 4065 4064
26105 4036 4037 4066 4065
26106 4037 4038 4067 4066
26107 4038 4039 4068 4067
26108 4039 4040 4069 4068
26109 4040 4041 4070 4069
26110 4041 4042 4071 4070
26111 4042 4043 4072 4071
26112 4043 4044 4073 4072
26113 4044 4045 4074 4073
26114 4045 4046 4075 4074
26115 4046 4047 4076 4075
26116 4047 4048 4077 4076
26117 4048 4049 4078 4077
26118 4049 4050 4079 4078
26119 4050 4051 4080 4079
26120 4051 4052 4081 4080
26121 4052 4053 4082 4081
26122 4053 4054 4083 4082
26123 4054 4055 4084 4083
26124 4055 4056 4085 4084
26125 4056 4057 4086 4085
26126 4057 4058 4087 4086
26127 4058 4059 4088 4087
26128 4059 4060 4089 4088
26129 4060 4061 4090 4089
26130 4061 1634 1633 4090
27001 141 4062 4091 142
27002 4062 4063 4092 4091
27003 4063 4064 4093 4092
27004 4064 4065 4094 4093
27005 4065 4066 4095 4094
27006 4066 4067 4096 4095
27007 4067 4068 4097 4096
27008 4068 4069 4098 4097
27009 4069 4070 4099 4098
27010 4070 4071 4100 4099
27011 4071 4072 4101 4100
27012 4072 4073 4102 4101
27013 4073 4074 4103 4102
27014 4074 4075 4104 4103
27015 4075 4076 4105 4104
27016 4076 4077 4106 4105
27017 4077 4078 4107 4106
27018 4078 4079 4108 4107
27019 4079 4080 4109 4108
27020 4080 4081 4110 4109
27021 4081 4082 4111 4110
27022 4082 4083 4112 4111
27023 4083 4084 4113 4112
27024 4084 4085 4114 4113
27025 4085 4086 4115 4114
27026 4086 4087 4116 4115
27027 4087 4088 4117 4116
27028 4088 4089 4118 4117
27029 4089 4090 4119 4118
27030 4090 1633 1632 4119
27901 142 4091 4120 143
27902 4091 4092 4121 4120
27903 4092 4093 4122 4121
27904 4093 4094 4123 4122
27905 4094 4095 4124 4123
27906 4095 4096 4125 4124
27907 4096 4097 4126 4125
27908 4097 4098 4127 4126
27909 4098 4099 4128 4127
27910 4099 4100 4129 4128
27911 4100 4101 4130 4129
27912 4101 4102 4131 4130
27913 4102 4103 4132 4131
27914 4103 4104 4133 4132
27915 4104 4105 4134 4133
27916 4105 4106 4135 4134
27917 4106 4107 4136 4135
27918 4107 4108 4137 4136
27919 4108 4109 4138 4137
27920 4109 4110 4139 4138
27921 4110 4111 4140 4139
27922 4111 4112 4141 4140
27923 4112 4113 4142 4141
27924 4113 4114 4143 4142
27925 4114 4115 4144 4143
27926 4115 4116 4145 4144
27927 4116 4117 4146 4145
27928 4117 4118 4147 4146
27929 4118 4119 4148 4147
27930 4119 1632 1631 4148
28801 143 4120 4149 144
28802 4120 4121 4150 4149
28803 4121 4122 4151 4150
28804 4122 4123 4152 4151
28805 4123 4124 4153 4152
28806 4124 4125 4154 4153
28807 4125 4126 4155 4154
28808 4126 4127 4156 4155
28809 4127 4128 4157 4156
28810 4128 4129 4158 4157
28811 4129 4130 4159 4158
28812 4130 4131 4160 4159
28813 4131 4132 4161 4160
28814 4132 4133 4162 4161
28815 4133 4134 4163 4162
28816 4134 4135 4164 4163
28817 4135 4136 4165 4164
28818 4136 4137 4166 4165
28819 4137 4138 4167 4166
28820 4138 4139 4168 4167
28821 4139 4140 4169 4168
28822 4140 4141 4170 4169
28823 4141 4142 4171 4170
28824 4142 4143 4172 4171
28825 4143 4144 4173 4172
28826 4144 4145 4174 4173
28827 4145 4146 4175 4174
28828 4146 4147 4176 4175
28829 4147 4148 4177 4176
28830 4148 1631 1630 4177
29701 144 4149 4178 145
29702 4149 4150 4179 4178
29703 4150 4151 4180 4179
29704 4151 4152 4181 4180
29705 4152 4153 4182 4181
29706 4153 4154 4183 4182
29707 4154 4155 4184 4183
29708 4155 4156 4185 4184
29709 4156 4157 4186 4185
29710 4157 4158 4187 4186
29711 4158 4159 4188 4187
29712 4159 4160 4189 4188
29713 4160 4161 4190 4189
29714 4161 4162 4191 4190
29715 4162 4163 4192 4191
29716 4163 4164 4193 4192
29717 4164 4165 4194 4193
29718 4165 4166 4195 4194
29719 4166 4167 4196 4195
29720 4167 4168 4197 4196
29721 4168 4169 4198 4197
29722 4169 4170 4199 4198
29723 4170 4171 4200 4199
29724 4171 4172 4201 4200
29725 4172 4173 4202 4201
29726 4173 4174 4203 4202
29727 4174 4175 4204 4203
29728 4175 4176 4205 4204
29729 4176 4177 4206 4205
29730 4177 1630 1629 4206
30601 145 4178 4207 146
30602 4178 4179 4208 4207
30603 4179 4180 4209 4208
30604 4180 4181 4210 4209
30605 4181 4182 4211 4210
30606 4182 4183 4212 4211
30607 4183 4184 4213 4212
30608 4184 4185 4214 4213
30609 4185 4186 4215 4214
30610 4186 4187 4216 4215
30611 4187 4188 4217 4216
30612 4188 4189 4218 4217
30613 4189 4190 4219 4218
30614 4190 4191 4220 4219
30615 4191 4192 4221 4220
30616 4192 4193 4222 4221
30617 4193 4194 4223 4222
30618 4194 4195 4224 4223
30619 4195 4196 4225 4224
30620 4196 4197 4226 4225
30621 4197 4198 4227 4226
30622 4198 4199 4228 4227
30623 4199 4200 4229 4228
30624 4200 4201 4230 4229
30625 4201 4202 4231 4230
30626 4202 4203 4232 4231
30627 4203 4204 4233 4232
30628 4204 4205 4234 4233
30629 4205 4206 4235 4234
30630 4206 1629 1628 4235
31501 146 4207 4236 147
31502 4207 4208 4237 4236
31503 4208 4209 4238 4237
31504 4209 4210 4239 4238
31505 4210 4211 4240 4239
31506 4211 4212 4241 4240
31507 4212 4213 4242 4241
31508 4213 4214 4243 4242
31509 4214 4215 4244 4243
31510 4215 4216 4245 4244
31511 4216 4217 4246 4245
31512 4217 4218 4247 4246
31513 4218 4219 4248 4247
31514 4219 4220 4249 4248
31515 4220 4221 4250 4249
31516 4221 4222 4251 4250
31517 4222 4223 4252 4251
31518 4223 4224 4253 4252
31519 4224 4225 4254 4253
31520 4225 4226 4255 4254
31521 4226 4227 4256 4255
31522 4227 4228 4257 4256
31523 4228 4229 4258 4257
31524 4229 4230 4259 4258
31525 4230 4231 4260 4259
31526 4231 4232 4261 4260
31527 4232 4233 4262 4261
31528 4233 4234 4263 4262
31529 4234 4235 4264 4263
31530 4235 1628 1627 4264
32401 147 4236 4265 148
32402 4236 4237 4266 4265
32403 4237 4238 4267 4266
32404 4238 4239 4268 4267
32405 4239 4240 4269 4268
32406 4240 4241 4270 4269
32407 4241 4242 4271 4270
32408 4242 4243 4272 4271
32409 4243 4244 4273 4272
32410 4244 4245 4274 4273
32411 4245 4246 4275 4274
32412 4246 4247 4276 4275
32413 4247 4248 4277 4276
32414 4248 4249 4278 4277
32415 4249 4250 4279 4278
32416 4250 4251 4280 4279
32417 4251 4252 4281 4280
32418 4252 4253 4282 4281
32419 4253 4254 4283 4282
32420 4254 4255 4284 4283
32421 4255 4256 4285 4284
32422 4256 4257 4286 4285
32423 4257 4258 4287 4286
32424 4258 4259 4288 4287
32425 4259 4260 4289 4288
32426 4260 4261 4290 4289
32427 4261 4262 4291 4290
32428 4262 4263 4292 4291
32429 4263 4264 4293 4292
32430 4264 1627 1626 4293
33301 148 4265 4294 149
33302 4265 4266 4295 4294
33303 4266 4267 4296 4295
33304 4267 4268 4297 4296
33305 4268 4269 4298 4297
33306 4269 4270 4299 4298
33307 4270 4271 4300 4299
33308 4271 4272 4301 4300
33309 4272 4273 4302 4301
33310 4273 4274 4303 4302
33311 4274 4275 4304 4303
33312 4275 4276 4305 4304
33313 4276 4277 4306 4305
33314 4277 4278 4307 4306
33315 4278 4279 4308 4307
33316 4279 4280 4309 4308
33317 4280 4281 4310 4309
33318 4281 4282 4311 4310
33319 4282 4283 4312 4311
33320 4283 4284 4313 4312
33321 4284 4285 4314 4313
33322 4285 4286 4315 4314
33323 4286 4287 4316 4315
33324 4287 4288 4317 4316
33325 4288 4289 4318 4317
33326 4289 4290 4319 4318
33327 4290 4291 4320 4319
33328 4291 4292 4321 4320
33329 4292 4293 4322 4321
33330 4293 1626 1625 4322
34201 149 4294 4323 150
34202 4294 4295 4324 4323
34203 4295 4296 4325 4324
34204 4296 4297 4326 4325
34205 4297 4298 4327 4326
34206 4298 4299 4328 4327
34207 4299 4300 4329 4328
34208 4300 4301 4330 4329
34209 4301 4302 4331 4330
34210 4302 4303 4332 4331
34211 4303 4304 4333 4332
34212 4304 4305 4334 4333
34213 4305 4306 4335 4334
34214 4306 4307 4336 4335
34215 4307 4308 4337 4336
34216 4308 4309 4338 4337
34217 4309 4310 4339 4338
34218 4310 4311 4340 4339
34219 4311 4312 4341 4340
34220 4312 4313 4342 4341
34221 4313 4314 4343 4342
34222 4314 4315 4344 4343
34223 4315 4316 4345 4344
34224 4316 4317 4346 4345
34225 4317 4318 4347 4346
34226 4318 4319 4348 4347
34227 4319 4320 4349 4348
34228 4320 4321 4350 4349
34229 4321 4322 4351 4350
34230 4322 1625 1624 4351
35101 150 4323 4352 151
35102 4323 4324 4353 4352
35103 4324 4325 4354 4353
35104 4325 4326 4355 4354
35105 4326 4327 4356 4355
35106 4327 4328 4357 4356
35107 4328 4329 4358 4357
35108 4329 4330 4359 4358
35109 4330 4331 4360 4359
35110 4331 4332 4361 4360
35111 4332 4333 4362 4361
35112 4333 4334 4363 4362
35113 4334 4335 4364 4363
35114 4335 4336 4365 4364
35115 4336 4337 4366 4365
35116 4337 4338 4367 4366
35117 4338 4339 4368 4367
35118 4339 4340 4369 4368
35119 4340 4341 4370 4369
35120 4341 4342 4371 4370
35121 4342 4343 4372 4371
35122 4343 4344 4373 4372
35123 4344 4345 4374 4373
35124 4345 4346 4375 4374
35125 4346 4347 4376 4375
35126 4347 4348 4377 4376
35127 4348 4349 4378 4377
35128 4349 4350 4379 4378
35129 4350 4351 4380 4379
35130 4351 1624 1623 4380
36001 151 4352 4381 152
36002 4352 4353 4382 4381
36003 4353 4354 4383 4382
36004 4354 4355 4384 4383
36005 4355 4356 4385 4384
36006 4356 4357 4386 4385
36007 4357 4358 4387 4386
36008 4358 4359 4388 4387
36009 4359 4360 4389 4388
36010 4360 4361 4390 4389
36011 4361 4362 4391 4390
36012 4362 4363 4392 4391
36013 4363 4364 4393 4392
36014 4364 4365 4394 4393
36015 4365 4366 4395 4394
36016 4366 4367 4396 4395
36017 4367 4368 4397 4396
36018 4368 4369 4398 4397
36019 4369 4370 4399 4398
36020 4370 4371 4400 4399
36021 4371 4372 4401 4400
36022 4372 4373 4402 4401
36023 4373 4374 4403 4402
36024 4374 4375 4404 4403
36025 4375 4376 4405 4404
36026 4376 4377 4406 4405
36027 4377 4378 4407 4406
36028 4378 4379 4408 4407
36029 4379 4380 4409 4408
36030 4380 1623 1622 4409
36901 152 4381 4410 153
36902 4381 4382 4411 4410
36903 4382 4383 4412 4411
36904 4383 4384 4413 4412
36905 4384 4385 4414 4413
36906 4385 4386 4415 4414
36907 4386 4387 4416 4415
36908 4387 4388 4417 4416
36909 4388 4389 4418 4417
36910 4389 4390 4419 4418
36911 4390 4391 4420 4419
36912 4391 4392 4421 4420
36913 4392 4393 4422 4421
36914 4393 4394 4423 4422
36915 4394 4395 4424 4423
36916 4395 4396 4425 4424
36917 4396 4397 4426 4425
36918 4397 4398 4427 4426
36919 4398 4399 4428 4427
36920 4399 4400 4429 4428
36921 4400 4401 4430 4429
36922 4401 4402 4431 4430
36923 4402 4403 4432 4431
36924 4403 4404 4433 4432
36925 4404 4405 4434 4433
36926 4405 4406 4435 4434
36927 4406 4407 4436 4435
36928 4407 4408 4437 4436
36929 4408 4409 4438 4437
36930 4409 1622 1621 4438
37801 153 4410 4439 154
37802 4410 4411 4440 4439
37803 4411 4412 4441 4440
37804 4412 4413 4442 4441
37805 4413 4414 4443 4442
37806 4414 4415 4444 4443
37807 4415 4416 4445 4444
37808 4416 4417 4446 4445
37809 4417 4418 4447 4446
37810 4418 4419 4448 4447
37811 4419 4420 4449 4448
37812 4420 4421 4450 4449
37813 4421 4422 4451 4450
37814 4422 4423 4452 4451
37815 4423 4424 4453 4452
37816 4424 4425 4454 4453
37817 4425 4426 4455 4454
37818 4426 4427 4456 4455
37819 4427 4428 4457 4456
37820 4428 4429 4458 4457
37821 4429 4430 4459 4458
37822 4430 4431 4460 4459
37823 4431 4432 4461 4460
37824 4432 4433 4462 4461
37825 4433 4434 4463 4462
37826 4434 4435 4464 4463
37827 4435 4436 4465 4464
37828 4436 4437 4466 4465
37829 4437 4438 4467 4466
37830 4438 1621 1620 4467
38701 154 4439 4468 155
38702 4439 4440 4469 4468
38703 4440 4441 4470 4469
38704 4441 4442 4471 4470
38705 4442 4443 4472 4471
38706 4443 4444 4473 4472
38707 4444 4445 4474 4473
38708 4445 4446 4475 4474
38709 4446 4447 4476 4475
38710 4447 4448 4477 4476
38711 4448 4449 4478 4477
38712 4449 4450 4479 4478
38713 4450 4451 4480 4479
38714 4451 4452 4481 4480
38715 4452 4453 4482 4481
38716 4453 4454 4483 4482
38717 4454 4455 4484 4483
38718 4455 4456 4485 4484
38719 4456 4457 4486 4485
38720 4457 4458 4487 4486
38721 4458 4459 4488 4487
38722 4459 4460 4489 4488
38723 4460 4461 4490 4489
38724 4461 4462 4491 4490
38725 4462 4463 4492 4491
38726 4463 4464 4493 4492
38727 4464 4465 4494 4493
38728 4465 4466 4495 4494
38729 4466 4467 4496 4495
38730 4467 1620 1619 4496
39601 155 4468 4497 156
39602 4468 4469 4498 4497
39603 4469 4470 4499 4498
39604 4470 4471 4500 4499
39605 4471 4472 4501 4500
39606 4472 4473 4502 4501
39607 4473 4474 4503 4502
39608 4474 4475 4504 4503
39609 4475 4476 4505 4504
39610 4476 4477 4506 4505
39611 4477 4478 4507 4506
39612 4478 4479 4508 4507
39613 4479 4480 4509 4508
39614 4480 4481 4510 4509
39615 4481 4482 4511 4510
39616 4482 4483 4512 4511
39617 4483 4484 4513 4512
39618 4484 4485 4514 4513
39619 4485 4486 4515 4514
39620 4486 4487 4516 4515
39621 4487 4488 4517 4516
39622 4488 4489 4518 4517
39623 4489 4490 4519 4518
39624 4490 4491 4520 4519
39625 4491 4492 4521 4520
39626 4492 4493 4522 4521
39627 4493 4494 4523 4522
39628 4494 4495 4524 4523
39629 4495 4496 4525 4524
39630 4496 1619 1618 4525
40501 156 4497 4526 157
40502 4497 4498 4527 4526
40503 4498 4499 4528 4527
40504 4499 4500 4529 4528
40505 4500 4501 4530 4529
40506 4501 4502 4531 4530
40507 4502 4503 4532 4531
40508 4503 4504 4533 4532
40509 4504 4505 4534 4533
40510 4505 4506 4535 4534
40511 4506 4507 4536 4535
40512 4507 4508 4537 4536
40513 4508 4509 4538 4537
40514 4509 4510 4539 4538
40515 4510 4511 4540 4539
40516 4511 4512 4541 4540
40517 4512 4513 4542 4541
40518 4513 4514 4543 4542
40519 4514 4515 4544 4543
40520 4515 4516 4545 4544
40521 4516 4517 4546 4545
40522 4517 4518 4547 4546
40523 4518 4519 4548 4547
40524 4519 4520 4549 4548
40525 4520 4521 4550 4549
40526 4521 4522 4551 4550
40527 4522 4523 4552 4551
40528 4523 4524 4553 4552
40529 4524 4525 4554 4553
40530 4525 1618 1617 4554
41401 157 4526 4555 158
41402 4526 4527 4556 4555
41403 4527 4528 4557 4556
41404 4528 4529 4558 4557
41405 4529 4530 4559 4558
41406 4530 4531 4560 4559
41407 4531 4532 4561 4560
41408 4532 4533 4562 4561
41409 4533 4534 4563 4562
41410 4534 4535 4564 4563
41411 4535 4536 4565 4564
41412 4536 4537 4566 4565
41413 4537 4538 4567 4566
41414 4538 4539 4568 4567
41415 4539 4540 4569 4568
41416 4540 4541 4570 4569
41417 4541 4542 4571 4570
41418 4542 4543 4572 4571
41419 4543 4544 4573 4572
41420 4544 4545 4574 4573
41421 4545 4546 4575 4574
41422 4546 4547 4576 4575
41423 4547 4548 4577 4576
41424 4548 4549 4578 4577
41425 4549 4550 4579 4578
41426 4550 4551 4580 4579
41427 4551 4552 4581 4580
41428 4552 4553 4582 4581
41429 4553 4554 4583 4582
41430 4554 1617 1616 4583
42301 158 4555 4584 159
42302 4555 4556 4585 4584
42303 4556 4557 4586 4585
42304 4557 4558 4587 4586
42305 4558 4559 4588 4587
42306 4559 4560 4589 4588
42307 4560 4561 4590 4589
42308 4561 4562 4591 4590
42309 4562 4563 4592 4591
42310 4563 4564 4593 4592
42311 4564 4565 4594 4593
42312 4565 4566 4595 4594
42313 4566 4567 4596 4595
42314 4567 4568 4597 4596
42315 4568 4569 4598 4597
42316 4569 4570 4599 4598
42317 4570 4571 4600 4599
42318 4571 4572 4601 4600
42319 4572 4573 4602 4601
42320 4573 4574 4603 4602
42321 4574 4575 4604 4603
42322 4575 4576 4605 4604
42323 4576 4577 4606 4605
42324 4577 4578 4607 4606
42325 4578 4579 4608 4607
42326 4579 4580 4609 4608
42327 4580 4581 4610 4609
42328 4581 4582 4611 4610
42329 4582 4583 4612 4611
42330 4583 1616 1615 4612
43201 159 4584 4613 160
43202 4584 4585 4614 4613
43203 4585 4586 4615 4614
43204 4586 4587 4616 4615
43205 4587 4588 4617 4616
43206 4588 4589 4618 4617
43207 4589 4590 4619 4618
43208 4590 4591 4620 4619
43209 4591 4592 4621 4620
43210 4592 4593 4622 4621
43211 4593 4594 4623 4622
43212 4594 4595 4624 4623
43213 4595 4596 4625 4624
43214 4596 4597 4626 4625
43215 4597 4598 4627 4626
43216 4598 4599 4628 4627
43217 4599 4600 4629 4628
43218 4600 4601 4630 4629
43219 4601 4602 4631 4630
43220 4602 4603 4632 4631
43221 4603 4604 4633 4632
43222 4604 4605 4634 4633
43223 4605 4606 4635 4634
43224 4606 4607 4636 4635
43225 4607 4608 4637 4636
43226 4608 4609 4638 4637
43227 4609 4610 4639 4638
43228 4610 4611 4640 4639
43229 4611 4612 4641 4640
43230 4612 1615 1614 4641
44101 160 4613 3192 1
44102 4613 4614 3193 3192
44103 4614 4615 3194 3193
44104 4615 4616 3195 3194
44105 4616 4617 3196 3195
44106 4617 4618 3197 3196
44107 4618 4619 3198 3197
44108 4619 4620 3199 3198
44109 4620 4621 3200 3199
44110 4621 4622 3201 3200
44111 4622 4623 3202 3201
44112 4623 4624 3203 3202
44113 4624 4625 3204 3203
44114 4625 4626 3205 3204
44115 4626 4627 3206 3205
44116 4627 4628 3207 3206
44117 4628 4629 3208 3207
44118 4629 4630 3209 3208
44119 4630 4631 3210 3209
44120 4631 4632 3211 3210
44121 4632 4633 3212 3211
44122 4633 4634 3213 3212
44123 4634 4635 3214 3213
44124 4635 4636 3215 3214
44125 4636 4637 3216 3215
44126 4637 4638 3217 3216
44127 4638 4639 3218 3217
44128 4639 4640 3219 3218
44129 4640 4641 3220 3219
44130 4641 1614 1583 3220
