       900
44101 1 3192 6962 3
44102 3192 3193 6963 6962
44103 3193 3194 6964 6963
44104 3194 3195 6965 6964
44105 3195 3196 6966 6965
44106 3196 3197 6967 6966
44107 3197 3198 6968 6967
44108 3198 3199 6969 6968
44109 3199 3200 6970 6969
44110 3200 3201 6971 6970
44111 3201 3202 6972 6971
44112 3202 3203 6973 6972
44113 3203 3204 6974 6973
44114 3204 3205 6975 6974
44115 3205 3206 6976 6975
44116 3206 3207 6977 6976
44117 3207 3208 6978 6977
44118 3208 3209 6979 6978
44119 3209 3210 6980 6979
44120 3210 3211 6981 6980
44121 3211 3212 6982 6981
44122 3212 3213 6983 6982
44123 3213 3214 6984 6983
44124 3214 3215 6985 6984
44125 3215 3216 6986 6985
44126 3216 3217 6987 6986
44127 3217 3218 6988 6987
44128 3218 3219 6989 6988
44129 3219 3220 6990 6989
44130 3220 1583 1612 6990
44131 3 6962 6991 4
44132 6962 6963 6992 6991
44133 6963 6964 6993 6992
44134 6964 6965 6994 6993
44135 6965 6966 6995 6994
44136 6966 6967 6996 6995
44137 6967 6968 6997 6996
44138 6968 6969 6998 6997
44139 6969 6970 6999 6998
44140 6970 6971 7000 6999
44141 6971 6972 7001 7000
44142 6972 6973 7002 7001
44143 6973 6974 7003 7002
44144 6974 6975 7004 7003
44145 6975 6976 7005 7004
44146 6976 6977 7006 7005
44147 6977 6978 7007 7006
44148 6978 6979 7008 7007
44149 6979 6980 7009 7008
44150 6980 6981 7010 7009
44151 6981 6982 7011 7010
44152 6982 6983 7012 7011
44153 6983 6984 7013 7012
44154 6984 6985 7014 7013
44155 6985 6986 7015 7014
44156 6986 6987 7016 7015
44157 6987 6988 7017 7016
44158 6988 6989 7018 7017
44159 6989 6990 7019 7018
44160 6990 1612 1611 7019
44161 4 6991 7020 5
44162 6991 6992 7021 7020
44163 6992 6993 7022 7021
44164 6993 6994 7023 7022
44165 6994 6995 7024 7023
44166 6995 6996 7025 7024
44167 6996 6997 7026 7025
44168 6997 6998 7027 7026
44169 6998 6999 7028 7027
44170 6999 7000 7029 7028
44171 7000 7001 7030 7029
44172 7001 7002 7031 7030
44173 7002 7003 7032 7031
44174 7003 7004 7033 7032
44175 7004 7005 7034 7033
44176 7005 7006 7035 7034
44177 7006 7007 7036 7035
44178 7007 7008 7037 7036
44179 7008 7009 7038 7037
44180 7009 7010 7039 7038
44181 7010 7011 7040 7039
44182 7011 7012 7041 7040
44183 7012 7013 7042 7041
44184 7013 7014 7043 7042
44185 7014 7015 7044 7043
44186 7015 7016 7045 7044
44187 7016 7017 7046 7045
44188 7017 7018 7047 7046
44189 7018 7019 7048 7047
44190 7019 1611 1610 7048
44191 5 7020 7049 6
44192 7020 7021 7050 7049
44193 7021 7022 7051 7050
44194 7022 7023 7052 7051
44195 7023 7024 7053 7052
44196 7024 7025 7054 7053
44197 7025 7026 7055 7054
44198 7026 7027 7056 7055
44199 7027 7028 7057 7056
44200 7028 7029 7058 7057
44201 7029 7030 7059 7058
44202 7030 7031 7060 7059
44203 7031 7032 7061 7060
44204 7032 7033 7062 7061
44205 7033 7034 7063 7062
44206 7034 7035 7064 7063
44207 7035 7036 7065 7064
44208 7036 7037 7066 7065
44209 7037 7038 7067 7066
44210 7038 7039 7068 7067
44211 7039 7040 7069 7068
44212 7040 7041 7070 7069
44213 7041 7042 7071 7070
44214 7042 7043 7072 7071
44215 7043 7044 7073 7072
44216 7044 7045 7074 7073
44217 7045 7046 7075 7074
44218 7046 7047 7076 7075
44219 7047 7048 7077 7076
44220 7048 1610 1609 7077
44221 6 7049 7078 7
44222 7049 7050 7079 7078
44223 7050 7051 7080 7079
44224 7051 7052 7081 7080
44225 7052 7053 7082 7081
44226 7053 7054 7083 7082
44227 7054 7055 7084 7083
44228 7055 7056 7085 7084
44229 7056 7057 7086 7085
44230 7057 7058 7087 7086
44231 7058 7059 7088 7087
44232 7059 7060 7089 7088
44233 7060 7061 7090 7089
44234 7061 7062 7091 7090
44235 7062 7063 7092 7091
44236 7063 7064 7093 7092
44237 7064 7065 7094 7093
44238 7065 7066 7095 7094
44239 7066 7067 7096 7095
44240 7067 7068 7097 7096
44241 7068 7069 7098 7097
44242 7069 7070 7099 7098
44243 7070 7071 7100 7099
44244 7071 7072 7101 7100
44245 7072 7073 7102 7101
44246 7073 7074 7103 7102
44247 7074 7075 7104 7103
44248 7075 7076 7105 7104
44249 7076 7077 7106 7105
44250 7077 1609 1608 7106
44251 7 7078 7107 8
44252 7078 7079 7108 7107
44253 7079 7080 7109 7108
44254 7080 7081 7110 7109
44255 7081 7082 7111 7110
44256 7082 7083 7112 7111
44257 7083 7084 7113 7112
44258 7084 7085 7114 7113
44259 7085 7086 7115 7114
44260 7086 7087 7116 7115
44261 7087 7088 7117 7116
44262 7088 7089 7118 7117
44263 7089 7090 7119 7118
44264 7090 7091 7120 7119
44265 7091 7092 7121 7120
44266 7092 7093 7122 7121
44267 7093 7094 7123 7122
44268 7094 7095 7124 7123
44269 7095 7096 7125 7124
44270 7096 7097 7126 7125
44271 7097 7098 7127 7126
44272 7098 7099 7128 7127
44273 7099 7100 7129 7128
44274 7100 7101 7130 7129
44275 7101 7102 7131 7130
44276 7102 7103 7132 7131
44277 7103 7104 7133 7132
44278 7104 7105 7134 7133
44279 7105 7106 7135 7134
44280 7106 1608 1607 7135
44281 8 7107 7136 9
44282 7107 7108 7137 7136
44283 7108 7109 7138 7137
44284 7109 7110 7139 7138
44285 7110 7111 7140 7139
44286 7111 7112 7141 7140
44287 7112 7113 7142 7141
44288 7113 7114 7143 7142
44289 7114 7115 7144 7143
44290 7115 7116 7145 7144
44291 7116 7117 7146 7145
44292 7117 7118 7147 7146
44293 7118 7119 7148 7147
44294 7119 7120 7149 7148
44295 7120 7121 7150 7149
44296 7121 7122 7151 7150
44297 7122 7123 7152 7151
44298 7123 7124 7153 7152
44299 7124 7125 7154 7153
44300 7125 7126 7155 7154
44301 7126 7127 7156 7155
44302 7127 7128 7157 7156
44303 7128 7129 7158 7157
44304 7129 7130 7159 7158
44305 7130 7131 7160 7159
44306 7131 7132 7161 7160
44307 7132 7133 7162 7161
44308 7133 7134 7163 7162
44309 7134 7135 7164 7163
44310 7135 1607 1606 7164
44311 9 7136 7165 10
44312 7136 7137 7166 7165
44313 7137 7138 7167 7166
44314 7138 7139 7168 7167
44315 7139 7140 7169 7168
44316 7140 7141 7170 7169
44317 7141 7142 7171 7170
44318 7142 7143 7172 7171
44319 7143 7144 7173 7172
44320 7144 7145 7174 7173
44321 7145 7146 7175 7174
44322 7146 7147 7176 7175
44323 7147 7148 7177 7176
44324 7148 7149 7178 7177
44325 7149 7150 7179 7178
44326 7150 7151 7180 7179
44327 7151 7152 7181 7180
44328 7152 7153 7182 7181
44329 7153 7154 7183 7182
44330 7154 7155 7184 7183
44331 7155 7156 7185 7184
44332 7156 7157 7186 7185
44333 7157 7158 7187 7186
44334 7158 7159 7188 7187
44335 7159 7160 7189 7188
44336 7160 7161 7190 7189
44337 7161 7162 7191 7190
44338 7162 7163 7192 7191
44339 7163 7164 7193 7192
44340 7164 1606 1605 7193
44341 10 7165 7194 11
44342 7165 7166 7195 7194
44343 7166 7167 7196 7195
44344 7167 7168 7197 7196
44345 7168 7169 7198 7197
44346 7169 7170 7199 7198
44347 7170 7171 7200 7199
44348 7171 7172 7201 7200
44349 7172 7173 7202 7201
44350 7173 7174 7203 7202
44351 7174 7175 7204 7203
44352 7175 7176 7205 7204
44353 7176 7177 7206 7205
44354 7177 7178 7207 7206
44355 7178 7179 7208 7207
44356 7179 7180 7209 7208
44357 7180 7181 7210 7209
44358 7181 7182 7211 7210
44359 7182 7183 7212 7211
44360 7183 7184 7213 7212
44361 7184 7185 7214 7213
44362 7185 7186 7215 7214
44363 7186 7187 7216 7215
44364 7187 7188 7217 7216
44365 7188 7189 7218 7217
44366 7189 7190 7219 7218
44367 7190 7191 7220 7219
44368 7191 7192 7221 7220
44369 7192 7193 7222 7221
44370 7193 1605 1604 7222
44371 11 7194 7223 12
44372 7194 7195 7224 7223
44373 7195 7196 7225 7224
44374 7196 7197 7226 7225
44375 7197 7198 7227 7226
44376 7198 7199 7228 7227
44377 7199 7200 7229 7228
44378 7200 7201 7230 7229
44379 7201 7202 7231 7230
44380 7202 7203 7232 7231
44381 7203 7204 7233 7232
44382 7204 7205 7234 7233
44383 7205 7206 7235 7234
44384 7206 7207 7236 7235
44385 7207 7208 7237 7236
44386 7208 7209 7238 7237
44387 7209 7210 7239 7238
44388 7210 7211 7240 7239
44389 7211 7212 7241 7240
44390 7212 7213 7242 7241
44391 7213 7214 7243 7242
44392 7214 7215 7244 7243
44393 7215 7216 7245 7244
44394 7216 7217 7246 7245
44395 7217 7218 7247 7246
44396 7218 7219 7248 7247
44397 7219 7220 7249 7248
44398 7220 7221 7250 7249
44399 7221 7222 7251 7250
44400 7222 1604 1603 7251
44401 12 7223 7252 13
44402 7223 7224 7253 7252
44403 7224 7225 7254 7253
44404 7225 7226 7255 7254
44405 7226 7227 7256 7255
44406 7227 7228 7257 7256
44407 7228 7229 7258 7257
44408 7229 7230 7259 7258
44409 7230 7231 7260 7259
44410 7231 7232 7261 7260
44411 7232 7233 7262 7261
44412 7233 7234 7263 7262
44413 7234 7235 7264 7263
44414 7235 7236 7265 7264
44415 7236 7237 7266 7265
44416 7237 7238 7267 7266
44417 7238 7239 7268 7267
44418 7239 7240 7269 7268
44419 7240 7241 7270 7269
44420 7241 7242 7271 7270
44421 7242 7243 7272 7271
44422 7243 7244 7273 7272
44423 7244 7245 7274 7273
44424 7245 7246 7275 7274
44425 7246 7247 7276 7275
44426 7247 7248 7277 7276
44427 7248 7249 7278 7277
44428 7249 7250 7279 7278
44429 7250 7251 7280 7279
44430 7251 1603 1602 7280
44431 13 7252 7281 14
44432 7252 7253 7282 7281
44433 7253 7254 7283 7282
44434 7254 7255 7284 7283
44435 7255 7256 7285 7284
44436 7256 7257 7286 7285
44437 7257 7258 7287 7286
44438 7258 7259 7288 7287
44439 7259 7260 7289 7288
44440 7260 7261 7290 7289
44441 7261 7262 7291 7290
44442 7262 7263 7292 7291
44443 7263 7264 7293 7292
44444 7264 7265 7294 7293
44445 7265 7266 7295 7294
44446 7266 7267 7296 7295
44447 7267 7268 7297 7296
44448 7268 7269 7298 7297
44449 7269 7270 7299 7298
44450 7270 7271 7300 7299
44451 7271 7272 7301 7300
44452 7272 7273 7302 7301
44453 7273 7274 7303 7302
44454 7274 7275 7304 7303
44455 7275 7276 7305 7304
44456 7276 7277 7306 7305
44457 7277 7278 7307 7306
44458 7278 7279 7308 7307
44459 7279 7280 7309 7308
44460 7280 1602 1601 7309
44461 14 7281 7310 15
44462 7281 7282 7311 7310
44463 7282 7283 7312 7311
44464 7283 7284 7313 7312
44465 7284 7285 7314 7313
44466 7285 7286 7315 7314
44467 7286 7287 7316 7315
44468 7287 7288 7317 7316
44469 7288 7289 7318 7317
44470 7289 7290 7319 7318
44471 7290 7291 7320 7319
44472 7291 7292 7321 7320
44473 7292 7293 7322 7321
44474 7293 7294 7323 7322
44475 7294 7295 7324 7323
44476 7295 7296 7325 7324
44477 7296 7297 7326 7325
44478 7297 7298 7327 7326
44479 7298 7299 7328 7327
44480 7299 7300 7329 7328
44481 7300 7301 7330 7329
44482 7301 7302 7331 7330
44483 7302 7303 7332 7331
44484 7303 7304 7333 7332
44485 7304 7305 7334 7333
44486 7305 7306 7335 7334
44487 7306 7307 7336 7335
44488 7307 7308 7337 7336
44489 7308 7309 7338 7337
44490 7309 1601 1600 7338
44491 15 7310 7339 16
44492 7310 7311 7340 7339
44493 7311 7312 7341 7340
44494 7312 7313 7342 7341
44495 7313 7314 7343 7342
44496 7314 7315 7344 7343
44497 7315 7316 7345 7344
44498 7316 7317 7346 7345
44499 7317 7318 7347 7346
44500 7318 7319 7348 7347
44501 7319 7320 7349 7348
44502 7320 7321 7350 7349
44503 7321 7322 7351 7350
44504 7322 7323 7352 7351
44505 7323 7324 7353 7352
44506 7324 7325 7354 7353
44507 7325 7326 7355 7354
44508 7326 7327 7356 7355
44509 7327 7328 7357 7356
44510 7328 7329 7358 7357
44511 7329 7330 7359 7358
44512 7330 7331 7360 7359
44513 7331 7332 7361 7360
44514 7332 7333 7362 7361
44515 7333 7334 7363 7362
44516 7334 7335 7364 7363
44517 7335 7336 7365 7364
44518 7336 7337 7366 7365
44519 7337 7338 7367 7366
44520 7338 1600 1599 7367
44521 16 7339 7368 17
44522 7339 7340 7369 7368
44523 7340 7341 7370 7369
44524 7341 7342 7371 7370
44525 7342 7343 7372 7371
44526 7343 7344 7373 7372
44527 7344 7345 7374 7373
44528 7345 7346 7375 7374
44529 7346 7347 7376 7375
44530 7347 7348 7377 7376
44531 7348 7349 7378 7377
44532 7349 7350 7379 7378
44533 7350 7351 7380 7379
44534 7351 7352 7381 7380
44535 7352 7353 7382 7381
44536 7353 7354 7383 7382
44537 7354 7355 7384 7383
44538 7355 7356 7385 7384
44539 7356 7357 7386 7385
44540 7357 7358 7387 7386
44541 7358 7359 7388 7387
44542 7359 7360 7389 7388
44543 7360 7361 7390 7389
44544 7361 7362 7391 7390
44545 7362 7363 7392 7391
44546 7363 7364 7393 7392
44547 7364 7365 7394 7393
44548 7365 7366 7395 7394
44549 7366 7367 7396 7395
44550 7367 1599 1598 7396
44551 17 7368 7397 18
44552 7368 7369 7398 7397
44553 7369 7370 7399 7398
44554 7370 7371 7400 7399
44555 7371 7372 7401 7400
44556 7372 7373 7402 7401
44557 7373 7374 7403 7402
44558 7374 7375 7404 7403
44559 7375 7376 7405 7404
44560 7376 7377 7406 7405
44561 7377 7378 7407 7406
44562 7378 7379 7408 7407
44563 7379 7380 7409 7408
44564 7380 7381 7410 7409
44565 7381 7382 7411 7410
44566 7382 7383 7412 7411
44567 7383 7384 7413 7412
44568 7384 7385 7414 7413
44569 7385 7386 7415 7414
44570 7386 7387 7416 7415
44571 7387 7388 7417 7416
44572 7388 7389 7418 7417
44573 7389 7390 7419 7418
44574 7390 7391 7420 7419
44575 7391 7392 7421 7420
44576 7392 7393 7422 7421
44577 7393 7394 7423 7422
44578 7394 7395 7424 7423
44579 7395 7396 7425 7424
44580 7396 1598 1597 7425
44581 18 7397 7426 19
44582 7397 7398 7427 7426
44583 7398 7399 7428 7427
44584 7399 7400 7429 7428
44585 7400 7401 7430 7429
44586 7401 7402 7431 7430
44587 7402 7403 7432 7431
44588 7403 7404 7433 7432
44589 7404 7405 7434 7433
44590 7405 7406 7435 7434
44591 7406 7407 7436 7435
44592 7407 7408 7437 7436
44593 7408 7409 7438 7437
44594 7409 7410 7439 7438
44595 7410 7411 7440 7439
44596 7411 7412 7441 7440
44597 7412 7413 7442 7441
44598 7413 7414 7443 7442
44599 7414 7415 7444 7443
44600 7415 7416 7445 7444
44601 7416 7417 7446 7445
44602 7417 7418 7447 7446
44603 7418 7419 7448 7447
44604 7419 7420 7449 7448
44605 7420 7421 7450 7449
44606 7421 7422 7451 7450
44607 7422 7423 7452 7451
44608 7423 7424 7453 7452
44609 7424 7425 7454 7453
44610 7425 1597 1596 7454
44611 19 7426 7455 20
44612 7426 7427 7456 7455
44613 7427 7428 7457 7456
44614 7428 7429 7458 7457
44615 7429 7430 7459 7458
44616 7430 7431 7460 7459
44617 7431 7432 7461 7460
44618 7432 7433 7462 7461
44619 7433 7434 7463 7462
44620 7434 7435 7464 7463
44621 7435 7436 7465 7464
44622 7436 7437 7466 7465
44623 7437 7438 7467 7466
44624 7438 7439 7468 7467
44625 7439 7440 7469 7468
44626 7440 7441 7470 7469
44627 7441 7442 7471 7470
44628 7442 7443 7472 7471
44629 7443 7444 7473 7472
44630 7444 7445 7474 7473
44631 7445 7446 7475 7474
44632 7446 7447 7476 7475
44633 7447 7448 7477 7476
44634 7448 7449 7478 7477
44635 7449 7450 7479 7478
44636 7450 7451 7480 7479
44637 7451 7452 7481 7480
44638 7452 7453 7482 7481
44639 7453 7454 7483 7482
44640 7454 1596 1595 7483
44641 20 7455 7484 21
44642 7455 7456 7485 7484
44643 7456 7457 7486 7485
44644 7457 7458 7487 7486
44645 7458 7459 7488 7487
44646 7459 7460 7489 7488
44647 7460 7461 7490 7489
44648 7461 7462 7491 7490
44649 7462 7463 7492 7491
44650 7463 7464 7493 7492
44651 7464 7465 7494 7493
44652 7465 7466 7495 7494
44653 7466 7467 7496 7495
44654 7467 7468 7497 7496
44655 7468 7469 7498 7497
44656 7469 7470 7499 7498
44657 7470 7471 7500 7499
44658 7471 7472 7501 7500
44659 7472 7473 7502 7501
44660 7473 7474 7503 7502
44661 7474 7475 7504 7503
44662 7475 7476 7505 7504
44663 7476 7477 7506 7505
44664 7477 7478 7507 7506
44665 7478 7479 7508 7507
44666 7479 7480 7509 7508
44667 7480 7481 7510 7509
44668 7481 7482 7511 7510
44669 7482 7483 7512 7511
44670 7483 1595 1594 7512
44671 21 7484 7513 22
44672 7484 7485 7514 7513
44673 7485 7486 7515 7514
44674 7486 7487 7516 7515
44675 7487 7488 7517 7516
44676 7488 7489 7518 7517
44677 7489 7490 7519 7518
44678 7490 7491 7520 7519
44679 7491 7492 7521 7520
44680 7492 7493 7522 7521
44681 7493 7494 7523 7522
44682 7494 7495 7524 7523
44683 7495 7496 7525 7524
44684 7496 7497 7526 7525
44685 7497 7498 7527 7526
44686 7498 7499 7528 7527
44687 7499 7500 7529 7528
44688 7500 7501 7530 7529
44689 7501 7502 7531 7530
44690 7502 7503 7532 7531
44691 7503 7504 7533 7532
44692 7504 7505 7534 7533
44693 7505 7506 7535 7534
44694 7506 7507 7536 7535
44695 7507 7508 7537 7536
44696 7508 7509 7538 7537
44697 7509 7510 7539 7538
44698 7510 7511 7540 7539
44699 7511 7512 7541 7540
44700 7512 1594 1593 7541
44701 22 7513 7542 23
44702 7513 7514 7543 7542
44703 7514 7515 7544 7543
44704 7515 7516 7545 7544
44705 7516 7517 7546 7545
44706 7517 7518 7547 7546
44707 7518 7519 7548 7547
44708 7519 7520 7549 7548
44709 7520 7521 7550 7549
44710 7521 7522 7551 7550
44711 7522 7523 7552 7551
44712 7523 7524 7553 7552
44713 7524 7525 7554 7553
44714 7525 7526 7555 7554
44715 7526 7527 7556 7555
44716 7527 7528 7557 7556
44717 7528 7529 7558 7557
44718 7529 7530 7559 7558
44719 7530 7531 7560 7559
44720 7531 7532 7561 7560
44721 7532 7533 7562 7561
44722 7533 7534 7563 7562
44723 7534 7535 7564 7563
44724 7535 7536 7565 7564
44725 7536 7537 7566 7565
44726 7537 7538 7567 7566
44727 7538 7539 7568 7567
44728 7539 7540 7569 7568
44729 7540 7541 7570 7569
44730 7541 1593 1592 7570
44731 23 7542 7571 24
44732 7542 7543 7572 7571
44733 7543 7544 7573 7572
44734 7544 7545 7574 7573
44735 7545 7546 7575 7574
44736 7546 7547 7576 7575
44737 7547 7548 7577 7576
44738 7548 7549 7578 7577
44739 7549 7550 7579 7578
44740 7550 7551 7580 7579
44741 7551 7552 7581 7580
44742 7552 7553 7582 7581
44743 7553 7554 7583 7582
44744 7554 7555 7584 7583
44745 7555 7556 7585 7584
44746 7556 7557 7586 7585
44747 7557 7558 7587 7586
44748 7558 7559 7588 7587
44749 7559 7560 7589 7588
44750 7560 7561 7590 7589
44751 7561 7562 7591 7590
44752 7562 7563 7592 7591
44753 7563 7564 7593 7592
44754 7564 7565 7594 7593
44755 7565 7566 7595 7594
44756 7566 7567 7596 7595
44757 7567 7568 7597 7596
44758 7568 7569 7598 7597
44759 7569 7570 7599 7598
44760 7570 1592 1591 7599
44761 24 7571 7600 25
44762 7571 7572 7601 7600
44763 7572 7573 7602 7601
44764 7573 7574 7603 7602
44765 7574 7575 7604 7603
44766 7575 7576 7605 7604
44767 7576 7577 7606 7605
44768 7577 7578 7607 7606
44769 7578 7579 7608 7607
44770 7579 7580 7609 7608
44771 7580 7581 7610 7609
44772 7581 7582 7611 7610
44773 7582 7583 7612 7611
44774 7583 7584 7613 7612
44775 7584 7585 7614 7613
44776 7585 7586 7615 7614
44777 7586 7587 7616 7615
44778 7587 7588 7617 7616
44779 7588 7589 7618 7617
44780 7589 7590 7619 7618
44781 7590 7591 7620 7619
44782 7591 7592 7621 7620
44783 7592 7593 7622 7621
44784 7593 7594 7623 7622
44785 7594 7595 7624 7623
44786 7595 7596 7625 7624
44787 7596 7597 7626 7625
44788 7597 7598 7627 7626
44789 7598 7599 7628 7627
44790 7599 1591 1590 7628
44791 25 7600 7629 26
44792 7600 7601 7630 7629
44793 7601 7602 7631 7630
44794 7602 7603 7632 7631
44795 7603 7604 7633 7632
44796 7604 7605 7634 7633
44797 7605 7606 7635 7634
44798 7606 7607 7636 7635
44799 7607 7608 7637 7636
44800 7608 7609 7638 7637
44801 7609 7610 7639 7638
44802 7610 7611 7640 7639
44803 7611 7612 7641 7640
44804 7612 7613 7642 7641
44805 7613 7614 7643 7642
44806 7614 7615 7644 7643
44807 7615 7616 7645 7644
44808 7616 7617 7646 7645
44809 7617 7618 7647 7646
44810 7618 7619 7648 7647
44811 7619 7620 7649 7648
44812 7620 7621 7650 7649
44813 7621 7622 7651 7650
44814 7622 7623 7652 7651
44815 7623 7624 7653 7652
44816 7624 7625 7654 7653
44817 7625 7626 7655 7654
44818 7626 7627 7656 7655
44819 7627 7628 7657 7656
44820 7628 1590 1589 7657
44821 26 7629 7658 27
44822 7629 7630 7659 7658
44823 7630 7631 7660 7659
44824 7631 7632 7661 7660
44825 7632 7633 7662 7661
44826 7633 7634 7663 7662
44827 7634 7635 7664 7663
44828 7635 7636 7665 7664
44829 7636 7637 7666 7665
44830 7637 7638 7667 7666
44831 7638 7639 7668 7667
44832 7639 7640 7669 7668
44833 7640 7641 7670 7669
44834 7641 7642 7671 7670
44835 7642 7643 7672 7671
44836 7643 7644 7673 7672
44837 7644 7645 7674 7673
44838 7645 7646 7675 7674
44839 7646 7647 7676 7675
44840 7647 7648 7677 7676
44841 7648 7649 7678 7677
44842 7649 7650 7679 7678
44843 7650 7651 7680 7679
44844 7651 7652 7681 7680
44845 7652 7653 7682 7681
44846 7653 7654 7683 7682
44847 7654 7655 7684 7683
44848 7655 7656 7685 7684
44849 7656 7657 7686 7685
44850 7657 1589 1588 7686
44851 27 7658 7687 28
44852 7658 7659 7688 7687
44853 7659 7660 7689 7688
44854 7660 7661 7690 7689
44855 7661 7662 7691 7690
44856 7662 7663 7692 7691
44857 7663 7664 7693 7692
44858 7664 7665 7694 7693
44859 7665 7666 7695 7694
44860 7666 7667 7696 7695
44861 7667 7668 7697 7696
44862 7668 7669 7698 7697
44863 7669 7670 7699 7698
44864 7670 7671 7700 7699
44865 7671 7672 7701 7700
44866 7672 7673 7702 7701
44867 7673 7674 7703 7702
44868 7674 7675 7704 7703
44869 7675 7676 7705 7704
44870 7676 7677 7706 7705
44871 7677 7678 7707 7706
44872 7678 7679 7708 7707
44873 7679 7680 7709 7708
44874 7680 7681 7710 7709
44875 7681 7682 7711 7710
44876 7682 7683 7712 7711
44877 7683 7684 7713 7712
44878 7684 7685 7714 7713
44879 7685 7686 7715 7714
44880 7686 1588 1587 7715
44881 28 7687 7716 29
44882 7687 7688 7717 7716
44883 7688 7689 7718 7717
44884 7689 7690 7719 7718
44885 7690 7691 7720 7719
44886 7691 7692 7721 7720
44887 7692 7693 7722 7721
44888 7693 7694 7723 7722
44889 7694 7695 7724 7723
44890 7695 7696 7725 7724
44891 7696 7697 7726 7725
44892 7697 7698 7727 7726
44893 7698 7699 7728 7727
44894 7699 7700 7729 7728
44895 7700 7701 7730 7729
44896 7701 7702 7731 7730
44897 7702 7703 7732 7731
44898 7703 7704 7733 7732
44899 7704 7705 7734 7733
44900 7705 7706 7735 7734
44901 7706 7707 7736 7735
44902 7707 7708 7737 7736
44903 7708 7709 7738 7737
44904 7709 7710 7739 7738
44905 7710 7711 7740 7739
44906 7711 7712 7741 7740
44907 7712 7713 7742 7741
44908 7713 7714 7743 7742
44909 7714 7715 7744 7743
44910 7715 1587 1586 7744
44911 29 7716 7745 30
44912 7716 7717 7746 7745
44913 7717 7718 7747 7746
44914 7718 7719 7748 7747
44915 7719 7720 7749 7748
44916 7720 7721 7750 7749
44917 7721 7722 7751 7750
44918 7722 7723 7752 7751
44919 7723 7724 7753 7752
44920 7724 7725 7754 7753
44921 7725 7726 7755 7754
44922 7726 7727 7756 7755
44923 7727 7728 7757 7756
44924 7728 7729 7758 7757
44925 7729 7730 7759 7758
44926 7730 7731 7760 7759
44927 7731 7732 7761 7760
44928 7732 7733 7762 7761
44929 7733 7734 7763 7762
44930 7734 7735 7764 7763
44931 7735 7736 7765 7764
44932 7736 7737 7766 7765
44933 7737 7738 7767 7766
44934 7738 7739 7768 7767
44935 7739 7740 7769 7768
44936 7740 7741 7770 7769
44937 7741 7742 7771 7770
44938 7742 7743 7772 7771
44939 7743 7744 7773 7772
44940 7744 1586 1585 7773
44941 30 7745 7774 31
44942 7745 7746 7775 7774
44943 7746 7747 7776 7775
44944 7747 7748 7777 7776
44945 7748 7749 7778 7777
44946 7749 7750 7779 7778
44947 7750 7751 7780 7779
44948 7751 7752 7781 7780
44949 7752 7753 7782 7781
44950 7753 7754 7783 7782
44951 7754 7755 7784 7783
44952 7755 7756 7785 7784
44953 7756 7757 7786 7785
44954 7757 7758 7787 7786
44955 7758 7759 7788 7787
44956 7759 7760 7789 7788
44957 7760 7761 7790 7789
44958 7761 7762 7791 7790
44959 7762 7763 7792 7791
44960 7763 7764 7793 7792
44961 7764 7765 7794 7793
44962 7765 7766 7795 7794
44963 7766 7767 7796 7795
44964 7767 7768 7797 7796
44965 7768 7769 7798 7797
44966 7769 7770 7799 7798
44967 7770 7771 7800 7799
44968 7771 7772 7801 7800
44969 7772 7773 7802 7801
44970 7773 1585 1584 7802
44971 31 7774 5512 2
44972 7774 7775 5513 5512
44973 7775 7776 5514 5513
44974 7776 7777 5515 5514
44975 7777 7778 5516 5515
44976 7778 7779 5517 5516
44977 7779 7780 5518 5517
44978 7780 7781 5519 5518
44979 7781 7782 5520 5519
44980 7782 7783 5521 5520
44981 7783 7784 5522 5521
44982 7784 7785 5523 5522
44983 7785 7786 5524 5523
44984 7786 7787 5525 5524
44985 7787 7788 5526 5525
44986 7788 7789 5527 5526
44987 7789 7790 5528 5527
44988 7790 7791 5529 5528
44989 7791 7792 5530 5529
44990 7792 7793 5531 5530
44991 7793 7794 5532 5531
44992 7794 7795 5533 5532
44993 7795 7796 5534 5533
44994 7796 7797 5535 5534
44995 7797 7798 5536 5535
44996 7798 7799 5537 5536
44997 7799 7800 5538 5537
44998 7800 7801 5539 5538
44999 7801 7802 5540 5539
45000 7802 1584 1582 5540
