      1500
1 112 1553 111 82
31 1553 1554 110 111
61 1554 1555 109 110
91 1555 1556 108 109
121 1556 1557 107 108
151 1557 1558 106 107
181 1558 1559 105 106
211 1559 1560 104 105
241 1560 1561 103 104
271 1561 1562 102 103
301 1562 1563 101 102
331 1563 1564 100 101
361 1564 1565 99 100
391 1565 1566 98 99
421 1566 1567 97 98
451 1567 1568 96 97
481 1568 1569 95 96
511 1569 1570 94 95
541 1570 1571 93 94
571 1571 1572 92 93
601 1572 1573 91 92
631 1573 1574 90 91
661 1574 1575 89 90
691 1575 1576 88 89
721 1576 1577 87 88
751 1577 1578 86 87
781 1578 1579 85 86
811 1579 1580 84 85
841 1580 1581 83 84
871 1581 81 32 83
901 113 1524 1553 112
931 1524 1525 1554 1553
961 1525 1526 1555 1554
991 1526 1527 1556 1555
1021 1527 1528 1557 1556
1051 1528 1529 1558 1557
1081 1529 1530 1559 1558
1111 1530 1531 1560 1559
1141 1531 1532 1561 1560
1171 1532 1533 1562 1561
1201 1533 1534 1563 1562
1231 1534 1535 1564 1563
1261 1535 1536 1565 1564
1291 1536 1537 1566 1565
1321 1537 1538 1567 1566
1351 1538 1539 1568 1567
1381 1539 1540 1569 1568
1411 1540 1541 1570 1569
1441 1541 1542 1571 1570
1471 1542 1543 1572 1571
1501 1543 1544 1573 1572
1531 1544 1545 1574 1573
1561 1545 1546 1575 1574
1591 1546 1547 1576 1575
1621 1547 1548 1577 1576
1651 1548 1549 1578 1577
1681 1549 1550 1579 1578
1711 1550 1551 1580 1579
1741 1551 1552 1581 1580
1771 1552 80 81 1581
1801 114 1495 1524 113
1831 1495 1496 1525 1524
1861 1496 1497 1526 1525
1891 1497 1498 1527 1526
1921 1498 1499 1528 1527
1951 1499 1500 1529 1528
1981 1500 1501 1530 1529
2011 1501 1502 1531 1530
2041 1502 1503 1532 1531
2071 1503 1504 1533 1532
2101 1504 1505 1534 1533
2131 1505 1506 1535 1534
2161 1506 1507 1536 1535
2191 1507 1508 1537 1536
2221 1508 1509 1538 1537
2251 1509 1510 1539 1538
2281 1510 1511 1540 1539
2311 1511 1512 1541 1540
2341 1512 1513 1542 1541
2371 1513 1514 1543 1542
2401 1514 1515 1544 1543
2431 1515 1516 1545 1544
2461 1516 1517 1546 1545
2491 1517 1518 1547 1546
2521 1518 1519 1548 1547
2551 1519 1520 1549 1548
2581 1520 1521 1550 1549
2611 1521 1522 1551 1550
2641 1522 1523 1552 1551
2671 1523 79 80 1552
2701 115 1466 1495 114
2731 1466 1467 1496 1495
2761 1467 1468 1497 1496
2791 1468 1469 1498 1497
2821 1469 1470 1499 1498
2851 1470 1471 1500 1499
2881 1471 1472 1501 1500
2911 1472 1473 1502 1501
2941 1473 1474 1503 1502
2971 1474 1475 1504 1503
3001 1475 1476 1505 1504
3031 1476 1477 1506 1505
3061 1477 1478 1507 1506
3091 1478 1479 1508 1507
3121 1479 1480 1509 1508
3151 1480 1481 1510 1509
3181 1481 1482 1511 1510
3211 1482 1483 1512 1511
3241 1483 1484 1513 1512
3271 1484 1485 1514 1513
3301 1485 1486 1515 1514
3331 1486 1487 1516 1515
3361 1487 1488 1517 1516
3391 1488 1489 1518 1517
3421 1489 1490 1519 1518
3451 1490 1491 1520 1519
3481 1491 1492 1521 1520
3511 1492 1493 1522 1521
3541 1493 1494 1523 1522
3571 1494 78 79 1523
3601 116 1437 1466 115
3631 1437 1438 1467 1466
3661 1438 1439 1468 1467
3691 1439 1440 1469 1468
3721 1440 1441 1470 1469
3751 1441 1442 1471 1470
3781 1442 1443 1472 1471
3811 1443 1444 1473 1472
3841 1444 1445 1474 1473
3871 1445 1446 1475 1474
3901 1446 1447 1476 1475
3931 1447 1448 1477 1476
3961 1448 1449 1478 1477
3991 1449 1450 1479 1478
4021 1450 1451 1480 1479
4051 1451 1452 1481 1480
4081 1452 1453 1482 1481
4111 1453 1454 1483 1482
4141 1454 1455 1484 1483
4171 1455 1456 1485 1484
4201 1456 1457 1486 1485
4231 1457 1458 1487 1486
4261 1458 1459 1488 1487
4291 1459 1460 1489 1488
4321 1460 1461 1490 1489
4351 1461 1462 1491 1490
4381 1462 1463 1492 1491
4411 1463 1464 1493 1492
4441 1464 1465 1494 1493
4471 1465 77 78 1494
4501 117 1408 1437 116
4531 1408 1409 1438 1437
4561 1409 1410 1439 1438
4591 1410 1411 1440 1439
4621 1411 1412 1441 1440
4651 1412 1413 1442 1441
4681 1413 1414 1443 1442
4711 1414 1415 1444 1443
4741 1415 1416 1445 1444
4771 1416 1417 1446 1445
4801 1417 1418 1447 1446
4831 1418 1419 1448 1447
4861 1419 1420 1449 1448
4891 1420 1421 1450 1449
4921 1421 1422 1451 1450
4951 1422 1423 1452 1451
4981 1423 1424 1453 1452
5011 1424 1425 1454 1453
5041 1425 1426 1455 1454
5071 1426 1427 1456 1455
5101 1427 1428 1457 1456
5131 1428 1429 1458 1457
5161 1429 1430 1459 1458
5191 1430 1431 1460 1459
5221 1431 1432 1461 1460
5251 1432 1433 1462 1461
5281 1433 1434 1463 1462
5311 1434 1435 1464 1463
5341 1435 1436 1465 1464
5371 1436 76 77 1465
5401 118 1379 1408 117
5431 1379 1380 1409 1408
5461 1380 1381 1410 1409
5491 1381 1382 1411 1410
5521 1382 1383 1412 1411
5551 1383 1384 1413 1412
5581 1384 1385 1414 1413
5611 1385 1386 1415 1414
5641 1386 1387 1416 1415
5671 1387 1388 1417 1416
5701 1388 1389 1418 1417
5731 1389 1390 1419 1418
5761 1390 1391 1420 1419
5791 1391 1392 1421 1420
5821 1392 1393 1422 1421
5851 1393 1394 1423 1422
5881 1394 1395 1424 1423
5911 1395 1396 1425 1424
5941 1396 1397 1426 1425
5971 1397 1398 1427 1426
6001 1398 1399 1428 1427
6031 1399 1400 1429 1428
6061 1400 1401 1430 1429
6091 1401 1402 1431 1430
6121 1402 1403 1432 1431
6151 1403 1404 1433 1432
6181 1404 1405 1434 1433
6211 1405 1406 1435 1434
6241 1406 1407 1436 1435
6271 1407 75 76 1436
6301 119 1350 1379 118
6331 1350 1351 1380 1379
6361 1351 1352 1381 1380
6391 1352 1353 1382 1381
6421 1353 1354 1383 1382
6451 1354 1355 1384 1383
6481 1355 1356 1385 1384
6511 1356 1357 1386 1385
6541 1357 1358 1387 1386
6571 1358 1359 1388 1387
6601 1359 1360 1389 1388
6631 1360 1361 1390 1389
6661 1361 1362 1391 1390
6691 1362 1363 1392 1391
6721 1363 1364 1393 1392
6751 1364 1365 1394 1393
6781 1365 1366 1395 1394
6811 1366 1367 1396 1395
6841 1367 1368 1397 1396
6871 1368 1369 1398 1397
6901 1369 1370 1399 1398
6931 1370 1371 1400 1399
6961 1371 1372 1401 1400
6991 1372 1373 1402 1401
7021 1373 1374 1403 1402
7051 1374 1375 1404 1403
7081 1375 1376 1405 1404
7111 1376 1377 1406 1405
7141 1377 1378 1407 1406
7171 1378 74 75 1407
7201 120 1321 1350 119
7231 1321 1322 1351 1350
7261 1322 1323 1352 1351
7291 1323 1324 1353 1352
7321 1324 1325 1354 1353
7351 1325 1326 1355 1354
7381 1326 1327 1356 1355
7411 1327 1328 1357 1356
7441 1328 1329 1358 1357
7471 1329 1330 1359 1358
7501 1330 1331 1360 1359
7531 1331 1332 1361 1360
7561 1332 1333 1362 1361
7591 1333 1334 1363 1362
7621 1334 1335 1364 1363
7651 1335 1336 1365 1364
7681 1336 1337 1366 1365
7711 1337 1338 1367 1366
7741 1338 1339 1368 1367
7771 1339 1340 1369 1368
7801 1340 1341 1370 1369
7831 1341 1342 1371 1370
7861 1342 1343 1372 1371
7891 1343 1344 1373 1372
7921 1344 1345 1374 1373
7951 1345 1346 1375 1374
7981 1346 1347 1376 1375
8011 1347 1348 1377 1376
8041 1348 1349 1378 1377
8071 1349 73 74 1378
8101 121 1292 1321 120
8131 1292 1293 1322 1321
8161 1293 1294 1323 1322
8191 1294 1295 1324 1323
8221 1295 1296 1325 1324
8251 1296 1297 1326 1325
8281 1297 1298 1327 1326
8311 1298 1299 1328 1327
8341 1299 1300 1329 1328
8371 1300 1301 1330 1329
8401 1301 1302 1331 1330
8431 1302 1303 1332 1331
8461 1303 1304 1333 1332
8491 1304 1305 1334 1333
8521 1305 1306 1335 1334
8551 1306 1307 1336 1335
8581 1307 1308 1337 1336
8611 1308 1309 1338 1337
8641 1309 1310 1339 1338
8671 1310 1311 1340 1339
8701 1311 1312 1341 1340
8731 1312 1313 1342 1341
8761 1313 1314 1343 1342
8791 1314 1315 1344 1343
8821 1315 1316 1345 1344
8851 1316 1317 1346 1345
8881 1317 1318 1347 1346
8911 1318 1319 1348 1347
8941 1319 1320 1349 1348
8971 1320 72 73 1349
9001 122 1263 1292 121
9031 1263 1264 1293 1292
9061 1264 1265 1294 1293
9091 1265 1266 1295 1294
9121 1266 1267 1296 1295
9151 1267 1268 1297 1296
9181 1268 1269 1298 1297
9211 1269 1270 1299 1298
9241 1270 1271 1300 1299
9271 1271 1272 1301 1300
9301 1272 1273 1302 1301
9331 1273 1274 1303 1302
9361 1274 1275 1304 1303
9391 1275 1276 1305 1304
9421 1276 1277 1306 1305
9451 1277 1278 1307 1306
9481 1278 1279 1308 1307
9511 1279 1280 1309 1308
9541 1280 1281 1310 1309
9571 1281 1282 1311 1310
9601 1282 1283 1312 1311
9631 1283 1284 1313 1312
9661 1284 1285 1314 1313
9691 1285 1286 1315 1314
9721 1286 1287 1316 1315
9751 1287 1288 1317 1316
9781 1288 1289 1318 1317
9811 1289 1290 1319 1318
9841 1290 1291 1320 1319
9871 1291 71 72 1320
9901 123 1234 1263 122
9931 1234 1235 1264 1263
9961 1235 1236 1265 1264
9991 1236 1237 1266 1265
10021 1237 1238 1267 1266
10051 1238 1239 1268 1267
10081 1239 1240 1269 1268
10111 1240 1241 1270 1269
10141 1241 1242 1271 1270
10171 1242 1243 1272 1271
10201 1243 1244 1273 1272
10231 1244 1245 1274 1273
10261 1245 1246 1275 1274
10291 1246 1247 1276 1275
10321 1247 1248 1277 1276
10351 1248 1249 1278 1277
10381 1249 1250 1279 1278
10411 1250 1251 1280 1279
10441 1251 1252 1281 1280
10471 1252 1253 1282 1281
10501 1253 1254 1283 1282
10531 1254 1255 1284 1283
10561 1255 1256 1285 1284
10591 1256 1257 1286 1285
10621 1257 1258 1287 1286
10651 1258 1259 1288 1287
10681 1259 1260 1289 1288
10711 1260 1261 1290 1289
10741 1261 1262 1291 1290
10771 1262 70 71 1291
10801 124 1205 1234 123
10831 1205 1206 1235 1234
10861 1206 1207 1236 1235
10891 1207 1208 1237 1236
10921 1208 1209 1238 1237
10951 1209 1210 1239 1238
10981 1210 1211 1240 1239
11011 1211 1212 1241 1240
11041 1212 1213 1242 1241
11071 1213 1214 1243 1242
11101 1214 1215 1244 1243
11131 1215 1216 1245 1244
11161 1216 1217 1246 1245
11191 1217 1218 1247 1246
11221 1218 1219 1248 1247
11251 1219 1220 1249 1248
11281 1220 1221 1250 1249
11311 1221 1222 1251 1250
11341 1222 1223 1252 1251
11371 1223 1224 1253 1252
11401 1224 1225 1254 1253
11431 1225 1226 1255 1254
11461 1226 1227 1256 1255
11491 1227 1228 1257 1256
11521 1228 1229 1258 1257
11551 1229 1230 1259 1258
11581 1230 1231 1260 1259
11611 1231 1232 1261 1260
11641 1232 1233 1262 1261
11671 1233 69 70 1262
11701 125 1176 1205 124
11731 1176 1177 1206 1205
11761 1177 1178 1207 1206
11791 1178 1179 1208 1207
11821 1179 1180 1209 1208
11851 1180 1181 1210 1209
11881 1181 1182 1211 1210
11911 1182 1183 1212 1211
11941 1183 1184 1213 1212
11971 1184 1185 1214 1213
12001 1185 1186 1215 1214
12031 1186 1187 1216 1215
12061 1187 1188 1217 1216
12091 1188 1189 1218 1217
12121 1189 1190 1219 1218
12151 1190 1191 1220 1219
12181 1191 1192 1221 1220
12211 1192 1193 1222 1221
12241 1193 1194 1223 1222
12271 1194 1195 1224 1223
12301 1195 1196 1225 1224
12331 1196 1197 1226 1225
12361 1197 1198 1227 1226
12391 1198 1199 1228 1227
12421 1199 1200 1229 1228
12451 1200 1201 1230 1229
12481 1201 1202 1231 1230
12511 1202 1203 1232 1231
12541 1203 1204 1233 1232
12571 1204 68 69 1233
12601 126 1147 1176 125
12631 1147 1148 1177 1176
12661 1148 1149 1178 1177
12691 1149 1150 1179 1178
12721 1150 1151 1180 1179
12751 1151 1152 1181 1180
12781 1152 1153 1182 1181
12811 1153 1154 1183 1182
12841 1154 1155 1184 1183
12871 1155 1156 1185 1184
12901 1156 1157 1186 1185
12931 1157 1158 1187 1186
12961 1158 1159 1188 1187
12991 1159 1160 1189 1188
13021 1160 1161 1190 1189
13051 1161 1162 1191 1190
13081 1162 1163 1192 1191
13111 1163 1164 1193 1192
13141 1164 1165 1194 1193
13171 1165 1166 1195 1194
13201 1166 1167 1196 1195
13231 1167 1168 1197 1196
13261 1168 1169 1198 1197
13291 1169 1170 1199 1198
13321 1170 1171 1200 1199
13351 1171 1172 1201 1200
13381 1172 1173 1202 1201
13411 1173 1174 1203 1202
13441 1174 1175 1204 1203
13471 1175 67 68 1204
13501 127 1118 1147 126
13531 1118 1119 1148 1147
13561 1119 1120 1149 1148
13591 1120 1121 1150 1149
13621 1121 1122 1151 1150
13651 1122 1123 1152 1151
13681 1123 1124 1153 1152
13711 1124 1125 1154 1153
13741 1125 1126 1155 1154
13771 1126 1127 1156 1155
13801 1127 1128 1157 1156
13831 1128 1129 1158 1157
13861 1129 1130 1159 1158
13891 1130 1131 1160 1159
13921 1131 1132 1161 1160
13951 1132 1133 1162 1161
13981 1133 1134 1163 1162
14011 1134 1135 1164 1163
14041 1135 1136 1165 1164
14071 1136 1137 1166 1165
14101 1137 1138 1167 1166
14131 1138 1139 1168 1167
14161 1139 1140 1169 1168
14191 1140 1141 1170 1169
14221 1141 1142 1171 1170
14251 1142 1143 1172 1171
14281 1143 1144 1173 1172
14311 1144 1145 1174 1173
14341 1145 1146 1175 1174
14371 1146 66 67 1175
14401 128 1089 1118 127
14431 1089 1090 1119 1118
14461 1090 1091 1120 1119
14491 1091 1092 1121 1120
14521 1092 1093 1122 1121
14551 1093 1094 1123 1122
14581 1094 1095 1124 1123
14611 1095 1096 1125 1124
14641 1096 1097 1126 1125
14671 1097 1098 1127 1126
14701 1098 1099 1128 1127
14731 1099 1100 1129 1128
14761 1100 1101 1130 1129
14791 1101 1102 1131 1130
14821 1102 1103 1132 1131
14851 1103 1104 1133 1132
14881 1104 1105 1134 1133
14911 1105 1106 1135 1134
14941 1106 1107 1136 1135
14971 1107 1108 1137 1136
15001 1108 1109 1138 1137
15031 1109 1110 1139 1138
15061 1110 1111 1140 1139
15091 1111 1112 1141 1140
15121 1112 1113 1142 1141
15151 1113 1114 1143 1142
15181 1114 1115 1144 1143
15211 1115 1116 1145 1144
15241 1116 1117 1146 1145
15271 1117 65 66 1146
15301 129 1060 1089 128
15331 1060 1061 1090 1089
15361 1061 1062 1091 1090
15391 1062 1063 1092 1091
15421 1063 1064 1093 1092
15451 1064 1065 1094 1093
15481 1065 1066 1095 1094
15511 1066 1067 1096 1095
15541 1067 1068 1097 1096
15571 1068 1069 1098 1097
15601 1069 1070 1099 1098
15631 1070 1071 1100 1099
15661 1071 1072 1101 1100
15691 1072 1073 1102 1101
15721 1073 1074 1103 1102
15751 1074 1075 1104 1103
15781 1075 1076 1105 1104
15811 1076 1077 1106 1105
15841 1077 1078 1107 1106
15871 1078 1079 1108 1107
15901 1079 1080 1109 1108
15931 1080 1081 1110 1109
15961 1081 1082 1111 1110
15991 1082 1083 1112 1111
16021 1083 1084 1113 1112
16051 1084 1085 1114 1113
16081 1085 1086 1115 1114
16111 1086 1087 1116 1115
16141 1087 1088 1117 1116
16171 1088 64 65 1117
16201 130 1031 1060 129
16231 1031 1032 1061 1060
16261 1032 1033 1062 1061
16291 1033 1034 1063 1062
16321 1034 1035 1064 1063
16351 1035 1036 1065 1064
16381 1036 1037 1066 1065
16411 1037 1038 1067 1066
16441 1038 1039 1068 1067
16471 1039 1040 1069 1068
16501 1040 1041 1070 1069
16531 1041 1042 1071 1070
16561 1042 1043 1072 1071
16591 1043 1044 1073 1072
16621 1044 1045 1074 1073
16651 1045 1046 1075 1074
16681 1046 1047 1076 1075
16711 1047 1048 1077 1076
16741 1048 1049 1078 1077
16771 1049 1050 1079 1078
16801 1050 1051 1080 1079
16831 1051 1052 1081 1080
16861 1052 1053 1082 1081
16891 1053 1054 1083 1082
16921 1054 1055 1084 1083
16951 1055 1056 1085 1084
16981 1056 1057 1086 1085
17011 1057 1058 1087 1086
17041 1058 1059 1088 1087
17071 1059 63 64 1088
17101 131 1002 1031 130
17131 1002 1003 1032 1031
17161 1003 1004 1033 1032
17191 1004 1005 1034 1033
17221 1005 1006 1035 1034
17251 1006 1007 1036 1035
17281 1007 1008 1037 1036
17311 1008 1009 1038 1037
17341 1009 1010 1039 1038
17371 1010 1011 1040 1039
17401 1011 1012 1041 1040
17431 1012 1013 1042 1041
17461 1013 1014 1043 1042
17491 1014 1015 1044 1043
17521 1015 1016 1045 1044
17551 1016 1017 1046 1045
17581 1017 1018 1047 1046
17611 1018 1019 1048 1047
17641 1019 1020 1049 1048
17671 1020 1021 1050 1049
17701 1021 1022 1051 1050
17731 1022 1023 1052 1051
17761 1023 1024 1053 1052
17791 1024 1025 1054 1053
17821 1025 1026 1055 1054
17851 1026 1027 1056 1055
17881 1027 1028 1057 1056
17911 1028 1029 1058 1057
17941 1029 1030 1059 1058
17971 1030 62 63 1059
18001 132 973 1002 131
18031 973 974 1003 1002
18061 974 975 1004 1003
18091 975 976 1005 1004
18121 976 977 1006 1005
18151 977 978 1007 1006
18181 978 979 1008 1007
18211 979 980 1009 1008
18241 980 981 1010 1009
18271 981 982 1011 1010
18301 982 983 1012 1011
18331 983 984 1013 1012
18361 984 985 1014 1013
18391 985 986 1015 1014
18421 986 987 1016 1015
18451 987 988 1017 1016
18481 988 989 1018 1017
18511 989 990 1019 1018
18541 990 991 1020 1019
18571 991 992 1021 1020
18601 992 993 1022 1021
18631 993 994 1023 1022
18661 994 995 1024 1023
18691 995 996 1025 1024
18721 996 997 1026 1025
18751 997 998 1027 1026
18781 998 999 1028 1027
18811 999 1000 1029 1028
18841 1000 1001 1030 1029
18871 1001 61 62 1030
18901 133 944 973 132
18931 944 945 974 973
18961 945 946 975 974
18991 946 947 976 975
19021 947 948 977 976
19051 948 949 978 977
19081 949 950 979 978
19111 950 951 980 979
19141 951 952 981 980
19171 952 953 982 981
19201 953 954 983 982
19231 954 955 984 983
19261 955 956 985 984
19291 956 957 986 985
19321 957 958 987 986
19351 958 959 988 987
19381 959 960 989 988
19411 960 961 990 989
19441 961 962 991 990
19471 962 963 992 991
19501 963 964 993 992
19531 964 965 994 993
19561 965 966 995 994
19591 966 967 996 995
19621 967 968 997 996
19651 968 969 998 997
19681 969 970 999 998
19711 970 971 1000 999
19741 971 972 1001 1000
19771 972 60 61 1001
19801 134 915 944 133
19831 915 916 945 944
19861 916 917 946 945
19891 917 918 947 946
19921 918 919 948 947
19951 919 920 949 948
19981 920 921 950 949
20011 921 922 951 950
20041 922 923 952 951
20071 923 924 953 952
20101 924 925 954 953
20131 925 926 955 954
20161 926 927 956 955
20191 927 928 957 956
20221 928 929 958 957
20251 929 930 959 958
20281 930 931 960 959
20311 931 932 961 960
20341 932 933 962 961
20371 933 934 963 962
20401 934 935 964 963
20431 935 936 965 964
20461 936 937 966 965
20491 937 938 967 966
20521 938 939 968 967
20551 939 940 969 968
20581 940 941 970 969
20611 941 942 971 970
20641 942 943 972 971
20671 943 59 60 972
20701 135 886 915 134
20731 886 887 916 915
20761 887 888 917 916
20791 888 889 918 917
20821 889 890 919 918
20851 890 891 920 919
20881 891 892 921 920
20911 892 893 922 921
20941 893 894 923 922
20971 894 895 924 923
21001 895 896 925 924
21031 896 897 926 925
21061 897 898 927 926
21091 898 899 928 927
21121 899 900 929 928
21151 900 901 930 929
21181 901 902 931 930
21211 902 903 932 931
21241 903 904 933 932
21271 904 905 934 933
21301 905 906 935 934
21331 906 907 936 935
21361 907 908 937 936
21391 908 909 938 937
21421 909 910 939 938
21451 910 911 940 939
21481 911 912 941 940
21511 912 913 942 941
21541 913 914 943 942
21571 914 58 59 943
21601 136 857 886 135
21631 857 858 887 886
21661 858 859 888 887
21691 859 860 889 888
21721 860 861 890 889
21751 861 862 891 890
21781 862 863 892 891
21811 863 864 893 892
21841 864 865 894 893
21871 865 866 895 894
21901 866 867 896 895
21931 867 868 897 896
21961 868 869 898 897
21991 869 870 899 898
22021 870 871 900 899
22051 871 872 901 900
22081 872 873 902 901
22111 873 874 903 902
22141 874 875 904 903
22171 875 876 905 904
22201 876 877 906 905
22231 877 878 907 906
22261 878 879 908 907
22291 879 880 909 908
22321 880 881 910 909
22351 881 882 911 910
22381 882 883 912 911
22411 883 884 913 912
22441 884 885 914 913
22471 885 57 58 914
22501 137 828 857 136
22531 828 829 858 857
22561 829 830 859 858
22591 830 831 860 859
22621 831 832 861 860
22651 832 833 862 861
22681 833 834 863 862
22711 834 835 864 863
22741 835 836 865 864
22771 836 837 866 865
22801 837 838 867 866
22831 838 839 868 867
22861 839 840 869 868
22891 840 841 870 869
22921 841 842 871 870
22951 842 843 872 871
22981 843 844 873 872
23011 844 845 874 873
23041 845 846 875 874
23071 846 847 876 875
23101 847 848 877 876
23131 848 849 878 877
23161 849 850 879 878
23191 850 851 880 879
23221 851 852 881 880
23251 852 853 882 881
23281 853 854 883 882
23311 854 855 884 883
23341 855 856 885 884
23371 856 56 57 885
23401 138 799 828 137
23431 799 800 829 828
23461 800 801 830 829
23491 801 802 831 830
23521 802 803 832 831
23551 803 804 833 832
23581 804 805 834 833
23611 805 806 835 834
23641 806 807 836 835
23671 807 808 837 836
23701 808 809 838 837
23731 809 810 839 838
23761 810 811 840 839
23791 811 812 841 840
23821 812 813 842 841
23851 813 814 843 842
23881 814 815 844 843
23911 815 816 845 844
23941 816 817 846 845
23971 817 818 847 846
24001 818 819 848 847
24031 819 820 849 848
24061 820 821 850 849
24091 821 822 851 850
24121 822 823 852 851
24151 823 824 853 852
24181 824 825 854 853
24211 825 826 855 854
24241 826 827 856 855
24271 827 55 56 856
24301 139 770 799 138
24331 770 771 800 799
24361 771 772 801 800
24391 772 773 802 801
24421 773 774 803 802
24451 774 775 804 803
24481 775 776 805 804
24511 776 777 806 805
24541 777 778 807 806
24571 778 779 808 807
24601 779 780 809 808
24631 780 781 810 809
24661 781 782 811 810
24691 782 783 812 811
24721 783 784 813 812
24751 784 785 814 813
24781 785 786 815 814
24811 786 787 816 815
24841 787 788 817 816
24871 788 789 818 817
24901 789 790 819 818
24931 790 791 820 819
24961 791 792 821 820
24991 792 793 822 821
25021 793 794 823 822
25051 794 795 824 823
25081 795 796 825 824
25111 796 797 826 825
25141 797 798 827 826
25171 798 54 55 827
25201 140 741 770 139
25231 741 742 771 770
25261 742 743 772 771
25291 743 744 773 772
25321 744 745 774 773
25351 745 746 775 774
25381 746 747 776 775
25411 747 748 777 776
25441 748 749 778 777
25471 749 750 779 778
25501 750 751 780 779
25531 751 752 781 780
25561 752 753 782 781
25591 753 754 783 782
25621 754 755 784 783
25651 755 756 785 784
25681 756 757 786 785
25711 757 758 787 786
25741 758 759 788 787
25771 759 760 789 788
25801 760 761 790 789
25831 761 762 791 790
25861 762 763 792 791
25891 763 764 793 792
25921 764 765 794 793
25951 765 766 795 794
25981 766 767 796 795
26011 767 768 797 796
26041 768 769 798 797
26071 769 53 54 798
26101 141 712 741 140
26131 712 713 742 741
26161 713 714 743 742
26191 714 715 744 743
26221 715 716 745 744
26251 716 717 746 745
26281 717 718 747 746
26311 718 719 748 747
26341 719 720 749 748
26371 720 721 750 749
26401 721 722 751 750
26431 722 723 752 751
26461 723 724 753 752
26491 724 725 754 753
26521 725 726 755 754
26551 726 727 756 755
26581 727 728 757 756
26611 728 729 758 757
26641 729 730 759 758
26671 730 731 760 759
26701 731 732 761 760
26731 732 733 762 761
26761 733 734 763 762
26791 734 735 764 763
26821 735 736 765 764
26851 736 737 766 765
26881 737 738 767 766
26911 738 739 768 767
26941 739 740 769 768
26971 740 52 53 769
27001 142 683 712 141
27031 683 684 713 712
27061 684 685 714 713
27091 685 686 715 714
27121 686 687 716 715
27151 687 688 717 716
27181 688 689 718 717
27211 689 690 719 718
27241 690 691 720 719
27271 691 692 721 720
27301 692 693 722 721
27331 693 694 723 722
27361 694 695 724 723
27391 695 696 725 724
27421 696 697 726 725
27451 697 698 727 726
27481 698 699 728 727
27511 699 700 729 728
27541 700 701 730 729
27571 701 702 731 730
27601 702 703 732 731
27631 703 704 733 732
27661 704 705 734 733
27691 705 706 735 734
27721 706 707 736 735
27751 707 708 737 736
27781 708 709 738 737
27811 709 710 739 738
27841 710 711 740 739
27871 711 51 52 740
27901 143 654 683 142
27931 654 655 684 683
27961 655 656 685 684
27991 656 657 686 685
28021 657 658 687 686
28051 658 659 688 687
28081 659 660 689 688
28111 660 661 690 689
28141 661 662 691 690
28171 662 663 692 691
28201 663 664 693 692
28231 664 665 694 693
28261 665 666 695 694
28291 666 667 696 695
28321 667 668 697 696
28351 668 669 698 697
28381 669 670 699 698
28411 670 671 700 699
28441 671 672 701 700
28471 672 673 702 701
28501 673 674 703 702
28531 674 675 704 703
28561 675 676 705 704
28591 676 677 706 705
28621 677 678 707 706
28651 678 679 708 707
28681 679 680 709 708
28711 680 681 710 709
28741 681 682 711 710
28771 682 50 51 711
28801 144 625 654 143
28831 625 626 655 654
28861 626 627 656 655
28891 627 628 657 656
28921 628 629 658 657
28951 629 630 659 658
28981 630 631 660 659
29011 631 632 661 660
29041 632 633 662 661
29071 633 634 663 662
29101 634 635 664 663
29131 635 636 665 664
29161 636 637 666 665
29191 637 638 667 666
29221 638 639 668 667
29251 639 640 669 668
29281 640 641 670 669
29311 641 642 671 670
29341 642 643 672 671
29371 643 644 673 672
29401 644 645 674 673
29431 645 646 675 674
29461 646 647 676 675
29491 647 648 677 676
29521 648 649 678 677
29551 649 650 679 678
29581 650 651 680 679
29611 651 652 681 680
29641 652 653 682 681
29671 653 49 50 682
29701 145 596 625 144
29731 596 597 626 625
29761 597 598 627 626
29791 598 599 628 627
29821 599 600 629 628
29851 600 601 630 629
29881 601 602 631 630
29911 602 603 632 631
29941 603 604 633 632
29971 604 605 634 633
30001 605 606 635 634
30031 606 607 636 635
30061 607 608 637 636
30091 608 609 638 637
30121 609 610 639 638
30151 610 611 640 639
30181 611 612 641 640
30211 612 613 642 641
30241 613 614 643 642
30271 614 615 644 643
30301 615 616 645 644
30331 616 617 646 645
30361 617 618 647 646
30391 618 619 648 647
30421 619 620 649 648
30451 620 621 650 649
30481 621 622 651 650
30511 622 623 652 651
30541 623 624 653 652
30571 624 48 49 653
30601 146 567 596 145
30631 567 568 597 596
30661 568 569 598 597
30691 569 570 599 598
30721 570 571 600 599
30751 571 572 601 600
30781 572 573 602 601
30811 573 574 603 602
30841 574 575 604 603
30871 575 576 605 604
30901 576 577 606 605
30931 577 578 607 606
30961 578 579 608 607
30991 579 580 609 608
31021 580 581 610 609
31051 581 582 611 610
31081 582 583 612 611
31111 583 584 613 612
31141 584 585 614 613
31171 585 586 615 614
31201 586 587 616 615
31231 587 588 617 616
31261 588 589 618 617
31291 589 590 619 618
31321 590 591 620 619
31351 591 592 621 620
31381 592 593 622 621
31411 593 594 623 622
31441 594 595 624 623
31471 595 47 48 624
31501 147 538 567 146
31531 538 539 568 567
31561 539 540 569 568
31591 540 541 570 569
31621 541 542 571 570
31651 542 543 572 571
31681 543 544 573 572
31711 544 545 574 573
31741 545 546 575 574
31771 546 547 576 575
31801 547 548 577 576
31831 548 549 578 577
31861 549 550 579 578
31891 550 551 580 579
31921 551 552 581 580
31951 552 553 582 581
31981 553 554 583 582
32011 554 555 584 583
32041 555 556 585 584
32071 556 557 586 585
32101 557 558 587 586
32131 558 559 588 587
32161 559 560 589 588
32191 560 561 590 589
32221 561 562 591 590
32251 562 563 592 591
32281 563 564 593 592
32311 564 565 594 593
32341 565 566 595 594
32371 566 46 47 595
32401 148 509 538 147
32431 509 510 539 538
32461 510 511 540 539
32491 511 512 541 540
32521 512 513 542 541
32551 513 514 543 542
32581 514 515 544 543
32611 515 516 545 544
32641 516 517 546 545
32671 517 518 547 546
32701 518 519 548 547
32731 519 520 549 548
32761 520 521 550 549
32791 521 522 551 550
32821 522 523 552 551
32851 523 524 553 552
32881 524 525 554 553
32911 525 526 555 554
32941 526 527 556 555
32971 527 528 557 556
33001 528 529 558 557
33031 529 530 559 558
33061 530 531 560 559
33091 531 532 561 560
33121 532 533 562 561
33151 533 534 563 562
33181 534 535 564 563
33211 535 536 565 564
33241 536 537 566 565
33271 537 45 46 566
33301 149 480 509 148
33331 480 481 510 509
33361 481 482 511 510
33391 482 483 512 511
33421 483 484 513 512
33451 484 485 514 513
33481 485 486 515 514
33511 486 487 516 515
33541 487 488 517 516
33571 488 489 518 517
33601 489 490 519 518
33631 490 491 520 519
33661 491 492 521 520
33691 492 493 522 521
33721 493 494 523 522
33751 494 495 524 523
33781 495 496 525 524
33811 496 497 526 525
33841 497 498 527 526
33871 498 499 528 527
33901 499 500 529 528
33931 500 501 530 529
33961 501 502 531 530
33991 502 503 532 531
34021 503 504 533 532
34051 504 505 534 533
34081 505 506 535 534
34111 506 507 536 535
34141 507 508 537 536
34171 508 44 45 537
34201 150 451 480 149
34231 451 452 481 480
34261 452 453 482 481
34291 453 454 483 482
34321 454 455 484 483
34351 455 456 485 484
34381 456 457 486 485
34411 457 458 487 486
34441 458 459 488 487
34471 459 460 489 488
34501 460 461 490 489
34531 461 462 491 490
34561 462 463 492 491
34591 463 464 493 492
34621 464 465 494 493
34651 465 466 495 494
34681 466 467 496 495
34711 467 468 497 496
34741 468 469 498 497
34771 469 470 499 498
34801 470 471 500 499
34831 471 472 501 500
34861 472 473 502 501
34891 473 474 503 502
34921 474 475 504 503
34951 475 476 505 504
34981 476 477 506 505
35011 477 478 507 506
35041 478 479 508 507
35071 479 43 44 508
35101 151 422 451 150
35131 422 423 452 451
35161 423 424 453 452
35191 424 425 454 453
35221 425 426 455 454
35251 426 427 456 455
35281 427 428 457 456
35311 428 429 458 457
35341 429 430 459 458
35371 430 431 460 459
35401 431 432 461 460
35431 432 433 462 461
35461 433 434 463 462
35491 434 435 464 463
35521 435 436 465 464
35551 436 437 466 465
35581 437 438 467 466
35611 438 439 468 467
35641 439 440 469 468
35671 440 441 470 469
35701 441 442 471 470
35731 442 443 472 471
35761 443 444 473 472
35791 444 445 474 473
35821 445 446 475 474
35851 446 447 476 475
35881 447 448 477 476
35911 448 449 478 477
35941 449 450 479 478
35971 450 42 43 479
36001 152 393 422 151
36031 393 394 423 422
36061 394 395 424 423
36091 395 396 425 424
36121 396 397 426 425
36151 397 398 427 426
36181 398 399 428 427
36211 399 400 429 428
36241 400 401 430 429
36271 401 402 431 430
36301 402 403 432 431
36331 403 404 433 432
36361 404 405 434 433
36391 405 406 435 434
36421 406 407 436 435
36451 407 408 437 436
36481 408 409 438 437
36511 409 410 439 438
36541 410 411 440 439
36571 411 412 441 440
36601 412 413 442 441
36631 413 414 443 442
36661 414 415 444 443
36691 415 416 445 444
36721 416 417 446 445
36751 417 418 447 446
36781 418 419 448 447
36811 419 420 449 448
36841 420 421 450 449
36871 421 41 42 450
36901 153 364 393 152
36931 364 365 394 393
36961 365 366 395 394
36991 366 367 396 395
37021 367 368 397 396
37051 368 369 398 397
37081 369 370 399 398
37111 370 371 400 399
37141 371 372 401 400
37171 372 373 402 401
37201 373 374 403 402
37231 374 375 404 403
37261 375 376 405 404
37291 376 377 406 405
37321 377 378 407 406
37351 378 379 408 407
37381 379 380 409 408
37411 380 381 410 409
37441 381 382 411 410
37471 382 383 412 411
37501 383 384 413 412
37531 384 385 414 413
37561 385 386 415 414
37591 386 387 416 415
37621 387 388 417 416
37651 388 389 418 417
37681 389 390 419 418
37711 390 391 420 419
37741 391 392 421 420
37771 392 40 41 421
37801 154 335 364 153
37831 335 336 365 364
37861 336 337 366 365
37891 337 338 367 366
37921 338 339 368 367
37951 339 340 369 368
37981 340 341 370 369
38011 341 342 371 370
38041 342 343 372 371
38071 343 344 373 372
38101 344 345 374 373
38131 345 346 375 374
38161 346 347 376 375
38191 347 348 377 376
38221 348 349 378 377
38251 349 350 379 378
38281 350 351 380 379
38311 351 352 381 380
38341 352 353 382 381
38371 353 354 383 382
38401 354 355 384 383
38431 355 356 385 384
38461 356 357 386 385
38491 357 358 387 386
38521 358 359 388 387
38551 359 360 389 388
38581 360 361 390 389
38611 361 362 391 390
38641 362 363 392 391
38671 363 39 40 392
38701 155 306 335 154
38731 306 307 336 335
38761 307 308 337 336
38791 308 309 338 337
38821 309 310 339 338
38851 310 311 340 339
38881 311 312 341 340
38911 312 313 342 341
38941 313 314 343 342
38971 314 315 344 343
39001 315 316 345 344
39031 316 317 346 345
39061 317 318 347 346
39091 318 319 348 347
39121 319 320 349 348
39151 320 321 350 349
39181 321 322 351 350
39211 322 323 352 351
39241 323 324 353 352
39271 324 325 354 353
39301 325 326 355 354
39331 326 327 356 355
39361 327 328 357 356
39391 328 329 358 357
39421 329 330 359 358
39451 330 331 360 359
39481 331 332 361 360
39511 332 333 362 361
39541 333 334 363 362
39571 334 38 39 363
39601 156 277 306 155
39631 277 278 307 306
39661 278 279 308 307
39691 279 280 309 308
39721 280 281 310 309
39751 281 282 311 310
39781 282 283 312 311
39811 283 284 313 312
39841 284 285 314 313
39871 285 286 315 314
39901 286 287 316 315
39931 287 288 317 316
39961 288 289 318 317
39991 289 290 319 318
40021 290 291 320 319
40051 291 292 321 320
40081 292 293 322 321
40111 293 294 323 322
40141 294 295 324 323
40171 295 296 325 324
40201 296 297 326 325
40231 297 298 327 326
40261 298 299 328 327
40291 299 300 329 328
40321 300 301 330 329
40351 301 302 331 330
40381 302 303 332 331
40411 303 304 333 332
40441 304 305 334 333
40471 305 37 38 334
40501 157 248 277 156
40531 248 249 278 277
40561 249 250 279 278
40591 250 251 280 279
40621 251 252 281 280
40651 252 253 282 281
40681 253 254 283 282
40711 254 255 284 283
40741 255 256 285 284
40771 256 257 286 285
40801 257 258 287 286
40831 258 259 288 287
40861 259 260 289 288
40891 260 261 290 289
40921 261 262 291 290
40951 262 263 292 291
40981 263 264 293 292
41011 264 265 294 293
41041 265 266 295 294
41071 266 267 296 295
41101 267 268 297 296
41131 268 269 298 297
41161 269 270 299 298
41191 270 271 300 299
41221 271 272 301 300
41251 272 273 302 301
41281 273 274 303 302
41311 274 275 304 303
41341 275 276 305 304
41371 276 36 37 305
41401 158 219 248 157
41431 219 220 249 248
41461 220 221 250 249
41491 221 222 251 250
41521 222 223 252 251
41551 223 224 253 252
41581 224 225 254 253
41611 225 226 255 254
41641 226 227 256 255
41671 227 228 257 256
41701 228 229 258 257
41731 229 230 259 258
41761 230 231 260 259
41791 231 232 261 260
41821 232 233 262 261
41851 233 234 263 262
41881 234 235 264 263
41911 235 236 265 264
41941 236 237 266 265
41971 237 238 267 266
42001 238 239 268 267
42031 239 240 269 268
42061 240 241 270 269
42091 241 242 271 270
42121 242 243 272 271
42151 243 244 273 272
42181 244 245 274 273
42211 245 246 275 274
42241 246 247 276 275
42271 247 35 36 276
42301 159 190 219 158
42331 190 191 220 219
42361 191 192 221 220
42391 192 193 222 221
42421 193 194 223 222
42451 194 195 224 223
42481 195 196 225 224
42511 196 197 226 225
42541 197 198 227 226
42571 198 199 228 227
42601 199 200 229 228
42631 200 201 230 229
42661 201 202 231 230
42691 202 203 232 231
42721 203 204 233 232
42751 204 205 234 233
42781 205 206 235 234
42811 206 207 236 235
42841 207 208 237 236
42871 208 209 238 237
42901 209 210 239 238
42931 210 211 240 239
42961 211 212 241 240
42991 212 213 242 241
43021 213 214 243 242
43051 214 215 244 243
43081 215 216 245 244
43111 216 217 246 245
43141 217 218 247 246
43171 218 34 35 247
43201 160 161 190 159
43231 161 162 191 190
43261 162 163 192 191
43291 163 164 193 192
43321 164 165 194 193
43351 165 166 195 194
43381 166 167 196 195
43411 167 168 197 196
43441 168 169 198 197
43471 169 170 199 198
43501 170 171 200 199
43531 171 172 201 200
43561 172 173 202 201
43591 173 174 203 202
43621 174 175 204 203
43651 175 176 205 204
43681 176 177 206 205
43711 177 178 207 206
43741 178 179 208 207
43771 179 180 209 208
43801 180 181 210 209
43831 181 182 211 210
43861 182 183 212 211
43891 183 184 213 212
43921 184 185 214 213
43951 185 186 215 214
43981 186 187 216 215
44011 187 188 217 216
44041 188 189 218 217
44071 189 33 34 218
44101 1 3 161 160
44131 3 4 162 161
44161 4 5 163 162
44191 5 6 164 163
44221 6 7 165 164
44251 7 8 166 165
44281 8 9 167 166
44311 9 10 168 167
44341 10 11 169 168
44371 11 12 170 169
44401 12 13 171 170
44431 13 14 172 171
44461 14 15 173 172
44491 15 16 174 173
44521 16 17 175 174
44551 17 18 176 175
44581 18 19 177 176
44611 19 20 178 177
44641 20 21 179 178
44671 21 22 180 179
44701 22 23 181 180
44731 23 24 182 181
44761 24 25 183 182
44791 25 26 184 183
44821 26 27 185 184
44851 27 28 186 185
44881 28 29 187 186
44911 29 30 188 187
44941 30 31 189 188
44971 31 2 33 189
